GMTa
0000
5 1
F 0.179508 0.229667 0.435851 -0.040291 0.186635 1
F 0.368322 -0.163347 0.394191 0.001319 0.373502 1
F 0.351164 -0.049396 0.450029 -0.179841 0.359944 1
F 0.273600 0.322582 0.383849 -0.137422 0.149022 1
F 0.288508 0.132815 0.407867 -0.067002 0.232242 1
F 0.486119 -0.158271 0.388063 0.021380 0.251813 1
F 0.852336 -0.287194 0.331062 -0.080479 0.126549 1
F 0.704912 -0.172165 0.354758 -0.124274 0.214826 1
F 1.099779 -0.535784 0.550441 -0.101551 -0.072446 1
F 1.300039 -0.953939 0.793946 -0.207866 -0.122387 1
F 1.065607 -0.539514 0.552082 -0.111641 -0.043750 1
F 0.976332 -0.345576 0.404857 -0.220004 0.116824 1
F 1.099299 -1.078028 0.998859 -0.262691 0.082934 1
F 1.662769 -1.693283 1.449759 -0.671067 0.044999 1
F 1.394940 -1.396976 1.297444 -0.763827 0.145106 1
F 1.566523 -1.474998 1.432570 -0.886898 0.126096 1
F 1.529782 -1.173293 0.912264 -0.354248 -0.026142 1
F 1.506844 -1.316747 0.986972 -0.279830 -0.092438 1
F 1.182021 -0.988608 1.040186 -0.635361 0.230320 1
F 1.455220 -1.190205 1.032515 -0.616456 0.187748 1
F 1.671503 -1.537806 1.351220 -0.790242 0.082397 1
F 1.787583 -1.779019 1.551875 -0.836105 0.048971 1
F 1.822967 -1.937690 1.708530 -0.950282 0.179552 1
F 1.739062 -1.725109 1.531138 -0.844111 0.125097 1
F 1.679828 -1.714795 1.393107 -0.712286 0.158503 1
F 1.629815 -1.660940 1.411467 -0.657830 0.096724 1
F 1.806473 -1.860546 1.614976 -0.904190 0.150256 1
F 1.667781 -1.605628 1.348563 -0.679245 -0.020821 1
F 1.810184 -1.934454 1.636130 -0.902902 0.209342 1
F 1.449252 -1.545257 1.375935 -0.730583 0.192256 1
F 1.694594 -1.783042 1.644969 -0.964540 0.211352 1
F 1.743863 -1.788708 1.611500 -0.874659 0.116005 1
F 1.691099 -1.686896 1.463593 -0.829420 0.147482 1
F 1.752173 -1.870136 1.712674 -1.059125 0.261987 1
F 1.624271 -1.658942 1.383924 -0.609035 0.095437 1
F 1.582207 -1.717466 1.593383 -0.899502 0.273207 1
F 1.819853 -1.952902 1.688221 -0.935323 0.203612 1
F 1.398819 -1.365344 1.328263 -0.829436 0.243634 1
F 1.743917 -1.804237 1.587922 -0.876049 0.168432 1
F 1.807167 -1.926555 1.713398 -1.004753 0.237009 1
F 2.009511 -2.187077 1.912773 -1.094219 0.243631 1
F 1.761157 -1.594042 1.478137 -0.944489 0.178716 1
F 1.802015 -1.784376 1.543437 -0.920140 0.202922 1
F 1.835377 -1.887479 1.668514 -1.016032 0.208948 1
F 1.755481 -1.955762 1.781883 -1.143877 0.365521 1
F 1.587084 -1.477656 1.295419 -0.786991 0.218904 1
F 1.624627 -1.621441 1.380762 -0.746901 0.230706 1
F 1.862471 -1.976077 1.743551 -0.917934 0.168326 1
F 1.756535 -1.772009 1.520058 -0.786451 0.089944 1
F 1.838812 -1.944598 1.716818 -0.947025 0.192641 1
F 1.615970 -1.685863 1.528933 -0.860076 0.200636 1
F 1.751609 -1.880652 1.719175 -0.971830 0.213296 1
F 1.579425 -1.694652 1.472172 -0.764958 0.185482 1
F 1.728922 -1.791269 1.608040 -0.896792 0.183162 1
F 1.753079 -1.656234 1.341855 -0.628671 0.052901 1
F 1.857361 -1.890430 1.560084 -0.785324 0.080128 1
F 1.723307 -1.881404 1.702330 -0.963621 0.228222 1
F 1.686664 -1.675540 1.464949 -0.726638 0.101898 1
F 1.967245 -2.209490 1.912798 -1.031310 0.227213 1
F 1.721160 -1.689641 1.422701 -0.693908 0.111889 1
F 1.400648 -1.357516 1.284215 -0.677661 0.131070 1
F 1.719112 -1.774881 1.645886 -0.998224 0.228745 1
F 1.467525 -1.417599 1.294865 -0.646087 0.112913 1
F 1.647646 -1.636721 1.495735 -0.766424 0.129823 1
F 1.719943 -1.776702 1.530477 -0.741135 0.110690 1
F 1.780831 -1.882951 1.697665 -0.974845 0.175326 1
F 1.791318 -1.935920 1.651771 -0.860563 0.147898 1
F 1.633830 -1.473977 1.226023 -0.596882 0.007121 1
F 1.897119 -1.956919 1.755814 -0.952498 0.139533 1
F 1.623311 -1.742936 1.575056 -0.911118 0.264318 1
F 1.817822 -1.882812 1.518675 -0.672174 0.000618 1
F 1.581784 -1.597310 1.433718 -0.693285 0.083455 1
F 1.646288 -1.638577 1.471897 -0.814628 0.168390 1
F 1.816326 -1.915322 1.633175 -0.783300 0.097187 1
F 1.545365 -1.374941 1.101259 -0.446793 -0.024409 1
F 1.833313 -1.777331 1.516440 -0.856501 0.063210 1
F 1.645415 -1.520085 1.190937 -0.473152 -0.048442 1
F 1.851290 -2.149818 2.019920 -1.199677 0.282700 1
F 1.690340 -1.719830 1.527949 -0.801334 0.106746 1
F 1.700167 -1.631818 1.414955 -0.701760 0.082629 1
F 1.646179 -1.623984 1.548380 -0.885230 0.172008 1
F 1.706529 -1.690244 1.552177 -0.862408 0.149114 1
F 1.647896 -1.603367 1.452089 -0.824511 0.133890 1
F 1.690991 -1.811792 1.556040 -0.793287 0.202725 1
F 1.888523 -2.161171 1.796033 -0.901218 0.185427 1
F 1.807740 -1.891859 1.592453 -0.708454 0.039673 1
F 1.686936 -1.389440 1.153435 -0.555668 -0.023074 1
F 1.660071 -1.665724 1.444441 -0.776756 0.151895 1
F 1.696508 -1.763177 1.514616 -0.801947 0.155666 1
F 1.724479 -1.676313 1.511371 -0.781487 0.094522 1
F 1.574724 -1.433696 1.284893 -0.704830 0.146882 1
F 1.915511 -2.086197 1.817561 -0.952993 0.162688 1
F 1.447536 -1.240453 0.993448 -0.387663 0.046795 1
F 1.624983 -1.439487 1.262445 -0.615988 0.004568 1
F 1.680784 -1.642463 1.428950 -0.744289 0.072421 1
F 1.636671 -1.631318 1.476704 -0.952125 0.189134 1
F 1.505952 -1.323400 1.103484 -0.530427 0.068706 1
F 1.566654 -1.460461 1.314126 -0.758314 0.142779 1
F 1.581956 -1.470250 1.260308 -0.536694 0.000853 1
F 1.599137 -1.411589 1.108822 -0.571836 0.057897 1
F 1.846321 -2.005925 1.743101 -0.921627 0.144031 1
F 1.791386 -1.719292 1.459374 -0.784236 0.051027 1
F 1.607104 -1.435331 1.304151 -0.774119 0.079968 1
F 1.741899 -1.807631 1.570155 -0.848645 0.148464 1
F 1.584670 -1.392504 1.180491 -0.565290 0.022262 1
F 1.435838 -1.375655 1.218317 -0.635872 0.099756 1
F 1.593413 -1.505827 1.295623 -0.640274 0.027927 1
F 1.384858 -1.108519 0.927281 -0.348010 0.007941 1
F 1.638073 -1.251818 1.006911 -0.382635 -0.134884 1
F 1.609347 -1.585322 1.367065 -0.605448 -0.002033 1
F 1.687145 -1.713942 1.518528 -0.786338 0.073431 1
F 1.470103 -1.172307 1.022352 -0.450673 0.012870 1
F 1.712751 -1.581418 1.325962 -0.639387 0.015056 1
F 1.545051 -1.256458 0.888088 -0.231298 -0.086548 1
F 1.392173 -0.857357 0.620185 -0.168774 -0.149991 1
F 1.163119 -0.845870 0.824722 -0.222028 -0.004433 1
F 1.436995 -0.920300 0.774362 -0.392588 -0.037057 1
F 1.474703 -1.138664 0.834187 -0.225529 -0.152973 1
F 1.071890 -0.664145 0.518848 -0.107881 0.130055 1
F 1.168753 -0.740490 0.563248 0.040544 -0.069459 1
F 0.988743 -0.430935 0.373317 0.002844 0.002136 1
F 0.337199 0.196809 0.162609 -0.147776 0.339464 1
F 0.503522 -0.034061 0.411142 -0.059715 0.156490 1
F 0.371997 0.041623 0.361558 -0.197771 0.403219 1
F 0.433117 -0.205487 0.487926 -0.078446 0.319440 1
F 0.285707 0.306995 0.523440 -0.228401 0.105957 1
F 0.218836 0.269444 0.507811 -0.170858 0.163333 1
F 0.221177 0.272272 0.505319 -0.178453 0.170869 1
F 0.289363 0.273221 0.483699 -0.203519 0.149666 1
F 0.308462 0.217668 0.506013 -0.176379 0.131597 1
F 0.674937 -0.337364 0.473758 -0.002027 0.180042 1
F -0.238892 -0.040261 0.576339 0.218173 0.242884 1
F 0.711416 -0.070458 0.398485 -0.220019 0.159165 1
F 1.070494 -0.328314 0.385167 -0.267189 0.102456 1
F 0.924433 -0.342449 0.502782 -0.147479 0.027143 1
F 0.831148 -0.333992 0.402858 -0.075853 0.119768 1
F 1.313269 -1.040500 0.844265 -0.160356 -0.091981 1
F 1.392463 -1.216408 0.973815 -0.431510 -0.013149 1
F 1.308917 -0.927414 0.711835 -0.298452 0.019423 1
F 1.130661 -0.855006 0.739059 -0.052738 -0.107321 1
F 1.044202 -0.704284 0.658076 -0.096808 -0.063688 1
F 1.375442 -1.159219 1.025943 -0.431023 -0.019414 1
F 1.591172 -1.487148 1.289275 -0.679019 0.023543 1
F 1.206323 -0.645084 0.585273 -0.275487 -0.040957 1
F 1.545689 -1.424106 1.328659 -0.757073 0.142556 1
F 1.509389 -1.294046 1.197192 -0.802885 0.115732 1
F 1.587342 -1.475068 1.100864 -0.500791 0.022847 1
F 2.063076 -2.404899 2.132047 -1.460882 0.416317 1
F 1.827927 -1.815133 1.534165 -0.769940 0.082430 1
F 1.661680 -1.683114 1.446942 -0.785639 0.110052 1
F 1.348958 -1.269269 1.194086 -0.674135 0.199165 1
F 1.541559 -1.323009 1.207486 -0.635111 0.047843 1
F 1.557992 -1.371018 1.283019 -0.787473 0.133207 1
F 1.548939 -1.211234 1.126279 -0.673855 0.019757 1
F 1.142514 -0.891602 1.004876 -0.612140 0.146588 1
F 1.530301 -1.482780 1.268505 -0.596989 0.064176 1
F 1.307524 -1.113841 0.845120 -0.315803 -0.006888 1
F 1.674399 -1.642781 1.370966 -0.671658 0.112676 1
F 1.715927 -1.782611 1.677582 -1.030180 0.233477 1
F 1.419766 -1.369358 1.250919 -0.698523 0.196250 1
F 1.752637 -1.706349 1.447658 -0.744088 0.092674 1
F 1.796821 -1.698680 1.485551 -0.835137 0.111293 1
F 1.765697 -1.657837 1.453766 -0.849592 0.097500 1
F 1.680928 -1.602319 1.503793 -1.034398 0.218935 1
F 1.899404 -1.935723 1.786683 -1.155674 0.217506 1
F 1.764464 -1.757924 1.654415 -0.974648 0.139525 1
F 1.641722 -1.857464 1.742985 -1.125580 0.397084 1
F 1.836769 -1.785798 1.624788 -0.983743 0.178639 1
F 2.017675 -2.267977 2.047911 -1.237130 0.261321 1
F 1.836471 -1.691872 1.429312 -0.761556 0.070466 1
F 1.767780 -1.706391 1.566975 -0.947393 0.164765 1
F 1.891909 -1.938610 1.709790 -0.953276 0.176457 1
F 1.530064 -1.404472 1.223763 -0.760445 0.071934 1
F 1.912165 -1.899936 1.620867 -0.963348 0.155218 1
F 1.827450 -1.813219 1.667631 -0.985827 0.159914 1
F 2.043151 -2.149181 1.988211 -1.330209 0.346841 1
F 1.744937 -1.653177 1.586433 -0.932028 0.122478 1
F 1.783647 -1.758694 1.527293 -0.948440 0.144356 1
F 1.920029 -1.913723 1.686417 -1.046977 0.186626 1
F 1.841128 -1.926452 1.815292 -1.082545 0.203248 1
F 1.900674 -1.919604 1.659389 -0.892034 0.114592 1
F 1.530275 -1.363679 1.304504 -0.864203 0.220093 1
F 1.868803 -1.882558 1.613878 -0.893517 0.157708 1
F 1.802590 -1.993264 1.791986 -1.046366 0.258081 1
F 1.945719 -2.088847 1.858569 -1.002020 0.155335 1
F 1.900536 -1.896887 1.729868 -1.029591 0.178767 1
F 1.823195 -1.741315 1.622211 -1.057145 0.210103 1
F 2.087262 -2.320675 2.148687 -1.322396 0.278179 1
F 1.472408 -1.362494 1.328466 -0.859095 0.234046 1
F 1.913324 -2.069818 1.809940 -1.146979 0.330246 1
F 2.080566 -2.401720 2.148556 -1.207387 0.242548 1
F 2.073181 -2.386166 2.122828 -1.247654 0.301726 1
F 1.846522 -1.794518 1.529613 -0.833779 0.068267 1
F 1.952214 -1.999057 1.811697 -1.044856 0.169341 1
F 1.966744 -2.090405 1.938406 -1.180235 0.250362 1
F 0.895701 -0.958855 0.988535 -0.478947 0.237960 1
F 1.905852 -2.105884 1.995881 -1.222797 0.306331 1
F 2.050416 -2.244176 2.076742 -1.329652 0.310517 1
F 1.835737 -1.828549 1.639599 -0.925796 0.169582 1
F 1.728776 -1.665649 1.627197 -1.025112 0.208879 1
F 1.978364 -2.200607 2.026957 -1.287920 0.357824 1
F 1.877940 -2.006631 1.892460 -1.158100 0.269974 1
F 1.812699 -1.864669 1.576178 -0.822251 0.139876 1
F 1.442997 -1.202024 1.151474 -0.661515 0.105231 1
F 1.640611 -1.587347 1.514272 -0.918715 0.171793 1
F 1.825292 -1.774044 1.635148 -0.911267 0.111813 1
F 1.609097 -1.457183 1.360792 -0.860105 0.136340 1
F 1.732681 -1.734441 1.634361 -1.040462 0.213393 1
F 1.898478 -2.037063 1.802491 -1.005378 0.175063 1
F 1.597745 -1.633609 1.565720 -1.032650 0.339292 1
F 1.734370 -2.098045 1.990381 -1.256152 0.479689 1
F 1.812922 -1.890627 1.710084 -0.940658 0.183432 1
F 1.844736 -1.753591 1.490355 -0.916343 0.139918 1
F 1.778457 -1.868636 1.702936 -0.964378 0.185826 1
F 1.602504 -1.503241 1.360844 -0.790260 0.119898 1
F 1.557118 -1.364789 1.098617 -0.465692 -0.000856 1
F 1.738200 -1.586499 1.278835 -0.475667 -0.054163 1
F 1.552571 -1.407312 1.300814 -0.716565 0.079652 1
F 1.762115 -1.725236 1.579580 -0.904970 0.170407 1
F 1.424409 -1.263040 1.172216 -0.705096 0.175937 1
F 1.742623 -1.878469 1.627051 -0.842941 0.193978 1
F 1.444546 -1.195442 1.095461 -0.438484 -0.045650 1
F 1.470569 -1.519133 1.305226 -0.618557 0.171584 1
F 1.696683 -1.544886 1.346159 -0.667853 0.061406 1
F 1.691240 -1.530211 1.247205 -0.592586 0.018125 1
F 1.454327 -1.202739 1.119182 -0.556557 -0.004714 1
F 1.618505 -1.439254 1.049906 -0.329024 -0.125090 1
F 1.210167 -0.711176 0.577872 -0.101524 -0.080350 1
F 1.169655 -0.698177 0.522901 -0.147738 -0.007160 1
F 1.309759 -0.922474 0.779466 -0.167430 -0.136181 1
F 1.290147 -0.838386 0.703072 -0.142089 -0.155661 1
F 0.923452 -0.323433 0.518699 -0.198987 -0.026020 1
F 1.117631 -0.593806 0.528832 -0.024384 -0.143937 1
F 0.970928 -0.426506 0.500548 -0.163907 0.045704 1
F 0.353622 0.184322 0.346596 -0.174637 0.279203 1
F 0.431219 -0.068170 0.479504 0.015714 0.048690 1
F 1.050001 -0.520889 0.439642 -0.057056 -0.127924 1
F 2.017316 -2.510147 1.966457 -0.874339 0.160260 1
F 1.691324 -1.820675 1.447253 -0.721974 0.206572 1
F 1.198707 -0.986485 0.930662 -0.311782 -0.016886 1
F 1.763041 -1.679271 1.546559 -0.971779 0.150013 1
F 1.868833 -1.853080 1.710304 -1.046602 0.152828 1
F 1.529458 -1.446586 1.303006 -0.719092 0.022182 1
F 1.059982 -1.211334 0.976884 -0.567813 0.201399 1
F 1.821701 -2.176248 1.984903 -1.164470 0.316076 1
F 2.159927 -2.499878 2.310400 -1.430655 0.344777 1
F 1.713673 -1.629072 1.487467 -0.872068 0.133629 1
F 2.061371 -2.283883 1.891874 -0.923706 0.066574 1
F 1.694723 -1.686508 1.488805 -0.824618 0.106515 1
F 1.537845 -1.816951 1.643304 -0.975697 0.426968 1
F 1.272538 -1.405770 1.411460 -0.783828 0.285634 1
F 1.789946 -1.948936 1.825297 -1.104025 0.278489 1
F 1.953716 -2.193733 1.977555 -1.085427 0.239424 1
F 1.987609 -2.235854 1.970458 -1.049324 0.208383 1
F 2.031754 -2.302152 2.072200 -1.219505 0.233775 1
F 1.948895 -2.187340 1.926770 -1.058208 0.218715 1
F 1.703784 -1.845375 1.701678 -0.986524 0.219506 1
F 2.185153 -2.683614 2.436824 -1.440698 0.322093 1
F 1.812496 -1.950018 1.773263 -1.039919 0.205813 1
F 2.001067 -2.152093 1.865479 -1.061745 0.186097 1
F 1.744815 -1.866159 1.684851 -0.945279 0.197839 1
F 1.739294 -2.066996 1.861812 -1.046736 0.335044 1
F 1.719380 -1.866633 1.584297 -0.831466 0.112520 1
F 1.911381 -2.142850 1.841181 -1.000522 0.166589 1
F 2.022128 -2.386460 2.254329 -1.374646 0.351365 1
F 1.722664 -1.879011 1.795769 -1.127851 0.286187 1
F 2.024546 -2.234911 1.896543 -1.012968 0.157291 1
F 2.044960 -2.586424 2.303190 -1.267051 0.318811 1
F 2.056808 -2.437574 2.179702 -1.265814 0.301146 1
F 1.731363 -2.019609 1.883311 -1.136981 0.344002 1
F 1.778877 -1.879908 1.592419 -0.825108 0.131713 1
F 1.953924 -2.089682 1.847420 -1.066698 0.208361 1
F 1.808322 -1.915206 1.664299 -0.925901 0.217253 1
F 1.862104 -2.026755 1.762272 -0.976082 0.162182 1
F 1.922306 -2.161484 1.791955 -0.874653 0.091095 1
F 1.604104 -1.581322 1.474585 -0.931517 0.221015 1
F 1.785232 -1.740739 1.427212 -0.750674 0.060077 1
F 1.711544 -1.725170 1.570433 -0.930379 0.168242 1
F 2.099828 -2.527551 2.208319 -1.292164 0.310481 1
F 1.650077 -1.655920 1.505540 -0.895659 0.220376 1
F 1.874318 -1.945031 1.459026 -0.601836 0.056937 1
F 1.610764 -1.824196 1.595068 -0.926872 0.319174 1
F 1.945167 -2.248774 2.071224 -1.232764 0.314930 1
F 1.858089 -2.009462 1.802942 -1.034154 0.242876 1
F 2.100496 -2.455551 2.220304 -1.352793 0.384248 1
F 2.106863 -2.514794 2.306257 -1.399962 0.372054 1
F 1.647591 -1.767053 1.580561 -0.847390 0.208018 1
F 1.903101 -2.030583 1.843571 -1.088190 0.263076 1
F 1.658732 -1.774855 1.716718 -1.080344 0.310359 1
F 1.671317 -1.934129 1.692327 -0.836457 0.277766 1
F 1.851654 -2.018967 1.839721 -1.045399 0.238870 1
F 1.784611 -1.709481 1.525248 -0.907306 0.177263 1
F 2.012128 -2.298794 2.100660 -1.273304 0.312491 1
F 1.947009 -2.176798 1.922564 -1.135082 0.246965 1
F 1.807042 -1.901395 1.673684 -0.914608 0.142521 1
F 1.967541 -2.247203 2.075723 -1.277499 0.337736 1
F 1.922208 -2.072142 1.920103 -1.187068 0.237711 1
F 1.810567 -1.827795 1.597377 -0.883322 0.152579 1
F 1.963951 -2.164564 1.836949 -0.979074 0.143646 1
F 2.050018 -2.462890 2.219411 -1.275090 0.284988 1
F 1.945766 -2.205454 1.883008 -1.003518 0.189481 1
F 1.757044 -1.900403 1.715292 -0.950324 0.187256 1
F 1.808829 -1.940981 1.778591 -0.998206 0.219713 1
F 1.972397 -2.290844 1.994602 -1.025150 0.190350 1
F 1.876061 -1.914335 1.605850 -0.861530 0.131079 1
F 1.962244 -2.060694 1.809457 -1.080135 0.172115 1
F 1.827561 -1.904612 1.612930 -0.810161 0.092584 1
F 1.997544 -2.367487 2.252235 -1.407003 0.355347 1
F 1.863241 -2.166633 1.982164 -1.153656 0.294646 1
F 1.785332 -1.757124 1.628829 -0.943600 0.169130 1
F 1.774356 -1.873047 1.745604 -1.005381 0.232973 1
F 1.859322 -2.025817 1.860456 -1.095728 0.256160 1
F 1.860677 -2.025146 1.829856 -1.063093 0.225811 1
F 1.832074 -2.082236 1.818086 -0.996248 0.224568 1
F 1.804853 -1.990661 1.718920 -0.945295 0.231935 1
F 1.882670 -2.014462 1.734048 -0.876933 0.099417 1
F 1.737524 -1.678542 1.488315 -0.867102 0.154344 1
F 1.657361 -1.656413 1.409269 -0.795275 0.159702 1
F 1.850283 -2.012976 1.772605 -1.004730 0.221713 1
F 1.823204 -1.869308 1.616252 -0.867780 0.160278 1
F 1.547682 -1.681781 1.501371 -0.887325 0.318178 1
F 1.915872 -2.052599 1.859787 -1.086846 0.200176 1
F 1.848705 -2.050100 1.772756 -0.930076 0.173105 1
F 1.982900 -2.303667 2.109115 -1.315049 0.338028 1
F 1.880584 -1.981222 1.789436 -1.075890 0.248756 1
F 1.865018 -2.011931 1.761483 -1.059983 0.231857 1
F 1.864809 -2.026572 1.753346 -0.987266 0.212225 1
F 1.779500 -1.934472 1.715918 -0.931687 0.215790 1
F 1.897498 -2.098539 1.817712 -1.034701 0.224777 1
F 1.931862 -2.119416 1.900668 -1.163582 0.297484 1
F 1.392172 -1.213111 1.159340 -0.807463 0.241560 1
F 2.006164 -2.211776 1.911706 -1.093196 0.211680 1
F 1.932234 -2.161409 1.946318 -1.115455 0.233598 1
F 1.316380 -1.391889 1.247596 -0.737844 0.314045 1
F 2.045162 -2.435696 2.151373 -1.207922 0.307425 1
F 2.064850 -2.370826 2.240782 -1.407921 0.347576 1
F 1.905419 -2.133265 1.875068 -1.065414 0.265713 1
F 1.538444 -1.742048 1.460513 -0.840425 0.342357 1
F 1.828279 -1.943892 1.792158 -1.101303 0.248069 1
F 2.021412 -2.545526 2.351010 -1.402568 0.403543 1
F 1.960099 -2.167551 1.856033 -0.963503 0.194253 1
F 2.054334 -2.143748 1.870006 -1.015918 0.151995 1
F 1.888110 -1.925671 1.775414 -1.072927 0.223690 1
F 1.558712 -1.491192 1.379574 -0.869330 0.250622 1
F 1.622218 -1.488623 1.345934 -0.859840 0.165023 1
F 1.439246 -1.618809 1.502236 -0.883236 0.343794 1
F 1.697529 -1.684741 1.518183 -0.901401 0.192461 1
F 2.019522 -2.373275 2.133842 -1.200964 0.284375 1
F 2.038620 -2.316137 2.025197 -1.086048 0.216471 1
F 1.824543 -2.051235 1.781913 -0.958507 0.197024 1
F 1.658990 -1.747857 1.521356 -0.817853 0.204146 1
F 1.490600 -1.921900 1.608034 -0.779470 0.385942 1
F 1.997476 -2.567456 2.340135 -1.379127 0.472957 1
F 1.698865 -1.606339 1.330391 -0.640975 0.026039 1
F 1.892183 -2.089483 1.812996 -1.025028 0.228613 1
F 2.160934 -2.470515 2.020913 -1.037668 0.168851 1
F 1.874340 -1.994911 1.827219 -1.178893 0.294715 1
F 1.726172 -1.978542 1.665072 -0.816064 0.178816 1
F 1.757232 -1.747723 1.410483 -0.638021 0.005671 1
F 2.118637 -2.527945 2.262840 -1.330792 0.342515 1
F 1.834429 -2.176112 1.998074 -1.148477 0.320151 1
F 2.001593 -2.201106 1.871904 -1.092875 0.268533 1
F 1.850641 -1.942002 1.679014 -0.936879 0.179259 1
F 1.676513 -1.879398 1.674782 -0.942087 0.239470 1
F 1.995202 -2.388468 2.063050 -1.090867 0.253818 1
F 1.869848 -1.993224 1.791817 -1.023680 0.219720 1
F 1.811148 -1.902017 1.710450 -0.992208 0.191395 1
F 1.752227 -1.868436 1.644468 -0.896125 0.186494 1
F 2.004946 -2.139992 1.847513 -1.022453 0.162506 1
F 1.777790 -1.897370 1.720418 -1.015377 0.208116 1
F 1.946928 -2.116688 1.931187 -1.136858 0.236442 1
F 1.950693 -2.100127 1.895834 -1.081922 0.217055 1
F 2.062027 -2.341630 2.052888 -1.138959 0.250117 1
F 1.573631 -1.552081 1.407339 -0.896077 0.272171 1
F 1.749531 -1.874321 1.699364 -0.992393 0.242668 1
F 1.466249 -1.422847 1.198830 -0.637143 0.137370 1
F 2.094369 -2.597481 2.364598 -1.372248 0.351816 1
F 2.020259 -2.316802 2.009310 -1.075154 0.231000 1
F 2.154224 -2.735089 2.476477 -1.425531 0.397016 1
F 2.051543 -2.422577 2.045213 -1.046279 0.233503 1
F 2.063393 -2.311007 2.044329 -1.124497 0.218897 1
F 1.634085 -1.603338 1.546180 -1.004711 0.223344 1
F 1.943464 -2.121754 1.885838 -1.092065 0.247105 1
F 1.927727 -2.015137 1.782893 -1.014824 0.167999 1
F 1.790766 -1.781005 1.641124 -0.976335 0.221817 1
F 2.004885 -2.228454 1.800385 -0.897445 0.155982 1
F 1.852391 -2.064680 1.771779 -0.922600 0.199547 1
F 1.895104 -2.030469 1.842668 -1.138110 0.220736 1
F 1.711481 -1.864541 1.823025 -1.117886 0.264374 1
F 1.837708 -2.012228 1.874884 -1.128383 0.275835 1
F 2.025778 -2.405330 2.130728 -1.163901 0.290444 1
F 1.831189 -1.867127 1.512258 -0.784693 0.091771 1
F 1.386093 -1.275894 1.246119 -0.747265 0.203562 1
F 1.900593 -2.103661 1.893585 -1.089732 0.229301 1
F 1.717754 -1.983694 1.798959 -1.019864 0.324619 1
F 1.853634 -2.140025 1.791381 -0.944887 0.218952 1
F 1.737419 -1.889678 1.684517 -0.932027 0.228716 1
F 1.875751 -1.958727 1.577211 -0.804287 0.130511 1
F 1.727130 -1.822540 1.677079 -0.939310 0.238083 1
F 1.800807 -1.837369 1.673934 -0.970326 0.109457 1
F 1.544940 -1.883611 1.717599 -0.951089 0.359306 1
F 1.827685 -1.928875 1.635880 -0.781150 0.119422 1
F 1.794151 -1.671229 1.294998 -0.474514 -0.077490 1
F 1.727712 -1.651147 1.386757 -0.767155 0.114525 1
F 1.515457 -1.251022 1.064258 -0.585889 0.013569 1
F 1.558288 -1.380167 1.185493 -0.606246 0.003499 1
F 1.242472 -1.084311 0.887676 -0.331379 0.056759 1
F 1.229823 -0.668506 0.420278 -0.052945 -0.036436 1
F 0.843179 -0.169271 0.250613 -0.159410 0.197264 1
F 0.736833 -0.134723 0.412990 -0.271012 0.232185 1
F 0.442124 0.021068 0.340770 -0.161615 0.261828 1
F 1.673225 -1.632397 1.279780 -0.653745 0.132541 1
F 1.292597 -0.734321 0.407022 0.016205 -0.108709 1
F 1.224229 -0.566626 0.307181 -0.110468 0.004737 1
F 1.467851 -1.255762 0.992294 -0.352289 -0.008588 1
F 1.501049 -1.562975 1.452791 -1.068606 0.421639 1
F 1.556054 -1.241121 0.888527 -0.416456 0.015390 1
F 1.875615 -1.930362 1.648397 -0.883518 0.129341 1
F 1.814409 -1.700160 1.258275 -0.496663 -0.034052 1
F 1.749629 -1.746318 1.366171 -0.592205 0.066604 1
F 1.484624 -1.253980 0.940504 -0.367704 -0.034593 1
F 1.839439 -1.965086 1.569978 -0.760216 0.113837 1
F 1.710157 -1.819209 1.599169 -0.905701 0.234619 1
F 1.954761 -1.861944 1.331524 -0.667451 0.067956 1
F 1.812118 -1.825568 1.476731 -0.776593 0.123688 1
F 1.619450 -1.425799 1.207317 -0.728048 0.139873 1
F 1.736264 -1.997762 1.684600 -1.006517 0.412623 1
F 1.828853 -1.825798 1.445064 -0.810422 0.177212 1
F 1.413460 -1.355959 1.162159 -0.606223 0.157563 1
F 1.839761 -1.912932 1.618111 -0.946438 0.245622 1
F 1.779120 -1.618935 1.100336 -0.408579 -0.084962 1
F 2.112772 -2.442255 2.219716 -1.311967 0.315088 1
F 1.944698 -2.039970 1.714694 -0.914837 0.148964 1
F 1.822451 -1.750170 1.406157 -0.697171 0.056969 1
F 1.646898 -1.553356 1.229752 -0.609096 0.083886 1
F 1.668649 -1.972454 1.681809 -0.940506 0.316970 1
F 1.880112 -1.953306 1.615997 -0.842862 0.084003 1
F 1.519484 -1.290184 0.973737 -0.412285 0.031238 1
F 1.692785 -1.590647 1.262223 -0.539901 -0.012788 1
F 1.907199 -2.243814 1.935033 -1.051367 0.243872 1
F 2.004279 -2.440763 2.202934 -1.350604 0.418019 1
F 1.864711 -2.090427 1.823254 -0.955425 0.242622 1
F 2.309105 -3.131098 2.670939 -1.412403 0.402735 1
F 2.005610 -2.322547 2.034481 -1.183658 0.300027 1
F 1.816813 -1.711244 1.414854 -0.707004 0.053692 1
F 1.986483 -2.046224 1.764003 -0.996929 0.173511 1
F 2.609025 -3.459140 3.295125 -2.166239 0.659767 1
F 1.878083 -2.175355 1.937451 -1.098903 0.288543 1
F 1.965519 -2.287614 1.782196 -0.863929 0.252224 1
F 2.428208 -3.041386 2.548815 -1.329468 0.261900 1
F 1.966835 -2.199182 1.893059 -1.088174 0.245097 1
F 2.096113 -2.351944 2.016974 -1.152462 0.261745 1
F 2.040657 -2.409163 2.280106 -1.463195 0.429428 1
F 1.868342 -1.819783 1.528691 -0.857654 0.159386 1
F 2.154233 -2.314983 2.056118 -1.268792 0.266464 1
F 1.534427 -1.713989 1.623698 -0.992704 0.371779 1
F 2.028379 -2.346239 2.117178 -1.257120 0.319598 1
F 2.014818 -2.233717 1.999363 -1.247927 0.327110 1
F 1.940399 -2.061162 1.773839 -0.980482 0.175435 1
F 1.450719 -1.141102 1.062447 -0.858074 0.249309 1
F 1.917013 -2.058746 1.815812 -1.078595 0.275471 1
F 1.641580 -1.579460 1.404037 -0.919450 0.244085 1
F 1.694718 -1.837606 1.657364 -1.030055 0.309541 1
F 2.346595 -2.765826 2.458117 -1.516049 0.366935 1
F 1.959141 -2.119368 1.918670 -1.122137 0.239504 1
F 1.791174 -1.790880 1.594025 -0.936132 0.207699 1
F 1.886723 -2.077239 1.872005 -1.074039 0.280065 1
F 1.681486 -1.735729 1.606484 -0.993888 0.262435 1
F 1.544243 -1.916847 1.727025 -1.032663 0.491085 1
F 2.122024 -2.512080 2.314729 -1.461042 0.431906 1
F 2.299694 -2.688453 2.405289 -1.530422 0.417823 1
F 1.972632 -2.091024 1.820686 -0.991852 0.166424 1
F 2.128602 -2.363176 2.077904 -1.270539 0.314830 1
F 2.234629 -2.658524 2.325792 -1.281743 0.268006 1
F 2.004378 -2.638768 2.423969 -1.473282 0.514426 1
F 1.964871 -2.069015 1.755285 -0.959603 0.149291 1
F 1.713463 -1.674794 1.434312 -0.799539 0.164182 1
F 2.251381 -2.751837 2.478942 -1.451534 0.348366 1
F 1.963133 -2.189557 1.922483 -1.117814 0.285432 1
F 1.765278 -1.768705 1.636620 -1.000987 0.219731 1
F 2.429483 -3.355496 2.905033 -1.507514 0.415295 1
F 2.115862 -2.781179 2.489046 -1.394760 0.447078 1
F 1.880036 -2.017053 1.789795 -1.137365 0.314239 1
F 2.334877 -2.740165 2.449038 -1.522496 0.391994 1
F 1.935067 -1.934700 1.674665 -1.019235 0.210451 1
F 1.903061 -2.056215 1.835139 -1.039675 0.236200 1
F 2.177199 -2.442144 2.215875 -1.310929 0.279074 1
F 1.819304 -2.229780 1.921257 -1.005848 0.364459 1
F 2.010747 -2.308248 2.134918 -1.287442 0.336354 1
F 2.101245 -2.368430 2.113024 -1.220234 0.268467 1
F 1.455636 -1.334891 1.297103 -0.773979 0.173090 1
F 1.813603 -1.780261 1.615329 -0.991928 0.222916 1
F 1.758631 -2.084920 2.043099 -1.355821 0.490691 1
F 1.693174 -1.794315 1.584242 -0.894949 0.281345 1
F 2.053227 -2.275209 2.127707 -1.329882 0.328365 1
F 2.085833 -2.386552 2.108266 -1.198758 0.276510 1
F 2.035423 -2.466444 2.237493 -1.391787 0.415559 1
F 1.823512 -2.124267 2.026186 -1.321720 0.392490 1
F 1.809522 -1.838626 1.718984 -1.093586 0.243920 1
F 1.934042 -1.993531 1.818965 -1.085781 0.203919 1
F 1.917927 -2.083404 1.841413 -1.163782 0.307072 1
F 2.054726 -2.336813 2.163577 -1.318230 0.333050 1
F 1.958416 -2.119035 1.869860 -1.065536 0.233671 1
F 1.860570 -2.066437 1.864028 -1.078565 0.277878 1
F 2.007392 -2.225193 1.919302 -1.210570 0.290817 1
F 1.777971 -1.739414 1.663387 -1.069684 0.222587 1
F 1.628078 -1.634803 1.414897 -0.754692 0.177555 1
F 1.992671 -2.228634 2.057861 -1.280394 0.326711 1
F 2.157425 -2.438981 2.200787 -1.435538 0.373304 1
F 2.055746 -2.124293 1.865152 -1.273109 0.334715 1
F 1.846213 -1.760141 1.509589 -0.876379 0.128767 1
F 1.950929 -1.922453 1.781480 -1.113171 0.209251 1
F 1.908597 -2.265609 1.952652 -1.009124 0.311028 1
F 1.937542 -2.100114 1.964609 -1.272307 0.372024 1
F 2.269652 -2.656965 2.420624 -1.587241 0.433203 1
F 1.750387 -1.568964 1.261618 -0.728300 0.106042 1
F 1.483708 -1.089096 0.750645 -0.245251 -0.085345 1
F 1.484748 -1.314693 1.232925 -0.623742 0.090562 1
F 1.669412 -1.660128 1.420396 -0.715331 0.067545 1
F 1.605887 -1.410985 1.285817 -0.745749 0.131972 1
F 1.946269 -1.896865 1.588566 -0.890974 0.128232 1
F 1.505061 -0.942502 0.686698 -0.377921 -0.018048 1
F 1.557382 -1.003516 0.594048 -0.198123 -0.111191 1
F 1.276175 -0.521207 0.479688 -0.401704 0.056998 1
F 1.940815 -2.430641 2.062432 -0.995652 0.291450 1
F 1.532124 -1.152356 0.951113 -0.412968 -0.018110 1
F 1.446570 -1.145153 1.007119 -0.492724 0.048760 1
F 1.347996 -0.715431 0.532523 -0.170553 -0.093749 1
F 1.172760 -0.267427 0.255759 -0.271132 0.058463 1
F 1.022872 -0.157620 0.299847 -0.304976 0.040376 1
F 0.798197 -0.018894 0.327310 -0.250919 0.106060 1
F 1.018872 -0.021413 0.218755 -0.276179 -0.025954 1
F 1.255726 -0.297446 0.291187 -0.438738 0.058627 1
F -0.187146 0.649563 0.536713 -0.251504 0.037586 1
F 0.032604 -0.341615 0.530192 0.175084 0.299421 1
F 0.081732 0.032859 0.533793 -0.055758 0.301149 1
F 0.406565 0.315148 0.306722 -0.231925 0.188724 1
F 1.061591 -0.572219 0.611729 -0.323510 0.054201 1
F 1.601702 -1.507161 1.243049 -0.568123 0.071194 1
F 1.557141 -1.493925 1.364002 -0.750363 0.136442 1
F 1.731351 -1.664729 1.372561 -0.847714 0.193882 1
F 1.379266 -1.420230 1.309625 -0.707204 0.107778 1
F 1.962907 -2.322071 2.178196 -1.340992 0.368055 1
F 1.846850 -1.900467 1.711451 -0.961128 0.106349 1
F 1.281118 -1.035417 1.045418 -0.600825 0.135367 1
F 1.725088 -1.753722 1.544998 -0.770783 0.073029 1
F 1.753230 -1.913690 1.794963 -1.029382 0.245736 1
F 1.793328 -1.943600 1.766834 -0.991979 0.227790 1
F 1.869045 -2.030931 1.905487 -1.149071 0.256087 1
F 1.860563 -1.973508 1.930133 -1.224103 0.257951 1
F 1.812908 -1.876593 1.871853 -1.271875 0.338488 1
F 1.623969 -1.742857 1.589110 -0.972870 0.259083 1
F 2.088439 -2.437115 2.062021 -1.152405 0.247603 1
F 1.675804 -1.688843 1.569084 -0.982530 0.272516 1
F 1.764497 -1.828821 1.722049 -1.015016 0.204490 1
F 1.924371 -2.107514 1.993489 -1.273537 0.302498 1
F 1.683362 -1.764296 1.624350 -0.882279 0.193285 1
F 1.993900 -2.283691 2.164575 -1.405591 0.411879 1
F 1.735876 -1.627378 1.403271 -0.850502 0.193326 1
F 1.684159 -1.805855 1.746708 -1.089810 0.272389 1
F 1.761899 -1.814377 1.631536 -0.895348 0.186015 1
F 2.200699 -2.546137 2.403831 -1.563922 0.395229 1
F 1.849458 -2.130091 2.022277 -1.262470 0.382482 1
F 1.836547 -1.890519 1.688150 -1.014152 0.242238 1
F 1.759089 -1.726122 1.612113 -1.046607 0.230479 1
F 1.647346 -1.554784 1.496380 -0.987746 0.214462 1
F 1.794504 -1.829383 1.751132 -1.118027 0.242207 1
F 2.172203 -2.616696 2.447904 -1.524211 0.393104 1
F 1.624812 -1.781545 1.574871 -0.957326 0.384315 1
F 1.806029 -1.887997 1.728729 -1.064267 0.292711 1
F 1.790537 -2.094917 1.981372 -1.198898 0.388590 1
F 1.757195 -1.769806 1.600400 -0.947409 0.191472 1
F 1.543382 -1.748374 1.589787 -0.860775 0.277071 1
F 1.732697 -1.630656 1.530969 -0.996183 0.179046 1
F 1.847470 -1.877046 1.619547 -0.931944 0.146006 1
F 2.043233 -2.193618 2.041839 -1.355969 0.335812 1
F 1.672122 -1.751612 1.696258 -1.070774 0.303891 1
F 2.019228 -2.266606 2.027256 -1.193292 0.252730 1
F 2.074809 -2.497905 2.393129 -1.541440 0.442624 1
F 1.752657 -1.819419 1.722343 -1.067446 0.256143 1
F 1.761273 -1.672956 1.481073 -0.825798 0.071830 1
F 1.809971 -1.776066 1.715519 -1.183971 0.301992 1
F 1.838580 -1.982022 1.751291 -0.970544 0.225717 1
F 1.820361 -1.996785 1.783754 -1.017396 0.257512 1
F 1.429521 -1.441507 1.458020 -0.868027 0.252569 1
F 1.944198 -2.100913 1.927104 -1.141829 0.238670 1
F 1.867671 -1.856560 1.694272 -1.025456 0.192940 1
F 1.883456 -1.948689 1.746380 -0.933654 0.136040 1
F 1.712457 -1.690465 1.593663 -0.995981 0.224621 1
F 1.727537 -1.835287 1.688470 -1.120785 0.340519 1
F 1.848919 -2.057229 1.821449 -1.071421 0.265299 1
F 2.139750 -2.504351 2.283347 -1.347412 0.301954 1
F 1.617462 -1.634294 1.493707 -0.895880 0.267545 1
F 1.869759 -1.969561 1.865311 -1.161513 0.289563 1
F 1.911252 -2.214848 2.084683 -1.283898 0.376683 1
F 1.772382 -1.882582 1.813828 -1.124666 0.222847 1
F 1.795746 -1.769889 1.628921 -1.041633 0.222696 1
F 2.004339 -2.328394 2.176628 -1.331336 0.333706 1
F 2.041584 -2.252996 1.966411 -1.114852 0.215545 1
F 2.009092 -2.301629 2.085618 -1.247875 0.322298 1
F 1.268775 -1.342046 1.299520 -0.822920 0.332594 1
F 1.906295 -2.100944 1.876665 -1.117622 0.291083 1
F 1.811924 -1.838933 1.657990 -0.975933 0.219945 1
F 1.932017 -2.188896 2.016475 -1.157198 0.254247 1
F 1.761634 -1.878705 1.751749 -0.998019 0.226194 1
F 1.938918 -2.001200 1.845518 -1.163341 0.253301 1
F 1.853870 -1.920333 1.679778 -0.861802 0.108282 1
F 1.949135 -2.301491 2.121506 -1.309843 0.394472 1
F 1.812920 -2.085614 1.868978 -0.991682 0.250944 1
F 1.552997 -1.554071 1.537913 -0.945260 0.203326 1
F 1.836607 -2.033572 1.814898 -1.065666 0.313066 1
F 2.014248 -2.176262 1.968538 -1.252429 0.298676 1
F 2.221243 -2.597589 2.414494 -1.505193 0.370524 1
F 1.990424 -2.115798 1.856868 -1.056003 0.183488 1
F 1.656982 -1.708322 1.474337 -0.867859 0.241255 1
F 1.607484 -1.680827 1.538328 -0.873925 0.160665 1
F 2.108618 -2.360713 2.169461 -1.326036 0.287697 1
F 1.906674 -2.034135 1.755699 -0.975147 0.201353 1
F 1.858210 -1.880900 1.717946 -1.022046 0.178168 1
F 1.974622 -2.284724 2.105150 -1.280429 0.316935 1
F 2.269384 -2.705722 2.473453 -1.574149 0.444216 1
F 1.681859 -1.788662 1.592072 -0.851847 0.192606 1
F 1.407760 -1.383053 1.398153 -0.890427 0.299537 1
F 1.851452 -1.983668 1.699915 -0.945872 0.192972 1
F 2.039946 -2.222977 2.073652 -1.350655 0.353346 1
F 1.840830 -1.927144 1.655370 -0.888992 0.176811 1
F 1.989569 -2.130762 1.839574 -0.990864 0.160191 1
F 1.833819 -1.796056 1.569349 -0.948280 0.193944 1
F 1.847006 -1.967343 1.825658 -1.133794 0.284364 1
F 1.911583 -2.185565 1.933677 -1.111215 0.311036 1
F 2.019314 -2.281422 2.198245 -1.409122 0.339530 1
F 1.928110 -2.005445 1.806327 -1.040236 0.172601 1
F 1.974148 -2.099306 1.876967 -1.099901 0.181278 1
F 1.784132 -1.845807 1.713482 -1.091384 0.276808 1
F 1.592023 -1.499126 1.391211 -0.814725 0.174343 1
F 1.727662 -1.766789 1.580211 -0.860019 0.173931 1
F 1.457775 -1.362876 1.390000 -0.855129 0.205841 1
F 1.990261 -2.186466 2.019498 -1.243488 0.277052 1
F 1.511821 -1.272642 1.205377 -0.726625 0.103806 1
F 1.863848 -1.978427 1.818649 -1.029658 0.203358 1
F 1.781312 -1.781113 1.622699 -0.936261 0.167066 1
F 1.826179 -1.924345 1.757833 -1.110449 0.301962 1
F 1.774651 -1.909344 1.738784 -1.158358 0.349365 1
F 2.247305 -2.683802 2.434760 -1.423776 0.304850 1
F 1.521207 -1.544796 1.405808 -0.860865 0.310430 1
F 1.804334 -1.943269 1.805612 -1.090240 0.288832 1
F 1.914709 -2.245703 2.112429 -1.311222 0.386851 1
F 1.541225 -1.427783 1.413785 -0.856469 0.127143 1
F 1.778689 -1.764959 1.619517 -1.009427 0.194801 1
F 2.082226 -2.379307 2.180114 -1.335037 0.333584 1
F 1.900269 -2.057758 1.819988 -0.985961 0.169274 1
F 2.113549 -2.544584 2.261734 -1.315228 0.335006 1
F 1.298052 -1.366215 1.300352 -0.842019 0.352375 1
F 1.888417 -2.026810 1.873028 -1.095695 0.225690 1
F 1.876604 -2.098503 1.868621 -1.071211 0.287336 1
F 1.783824 -1.839670 1.665319 -0.920114 0.138150 1
F 1.876397 -2.081597 1.939873 -1.082135 0.230313 1
F 1.980703 -2.102968 1.965908 -1.272468 0.306088 1
F 2.025184 -2.215913 1.999851 -1.106533 0.192952 1
F 1.922062 -2.188140 2.021496 -1.223452 0.335233 1
F 2.109354 -2.567261 2.362971 -1.381684 0.346651 1
F 1.810726 -1.918127 1.797561 -1.215891 0.291362 1
F 1.716425 -1.656313 1.437233 -0.844033 0.148302 1
F 2.040448 -2.174840 1.946510 -1.281020 0.324525 1
F 2.163280 -2.421609 2.296969 -1.506663 0.377802 1
F 2.005274 -2.163917 1.902266 -1.086241 0.223584 1
F 1.606584 -1.623982 1.385248 -0.708376 0.197820 1
F 1.755075 -1.717924 1.486897 -0.871564 0.152770 1
F 2.178063 -2.495731 2.237375 -1.318806 0.282385 1
F 1.820485 -1.797762 1.675685 -1.096336 0.254300 1
F 1.645045 -1.602482 1.465796 -0.845826 0.165557 1
F 2.082931 -2.350759 2.156075 -1.365597 0.366911 1
F 2.284212 -2.868403 2.606217 -1.653370 0.474691 1
F 1.724495 -1.777903 1.591656 -0.840367 0.137276 1
F 1.744789 -1.894367 1.750644 -1.003610 0.262824 1
F 1.757405 -1.804025 1.601031 -0.902062 0.163783 1
F 1.854696 -1.802725 1.622566 -0.968177 0.172569 1
F 1.612040 -1.362529 1.053362 -0.402851 -0.060642 1
F 0.421049 0.307330 0.520869 -0.257808 -0.000125 0
F 0.222374 0.162963 0.495737 -0.081692 0.195562 0
F 0.186498 0.053469 0.515978 -0.076789 0.233545 0
F 0.179151 -0.027884 0.574242 0.023443 0.223490 0
F 0.161594 0.236925 0.478522 -0.101350 0.214892 0
F 0.148890 0.206414 0.503253 -0.030402 0.169581 0
F 0.175254 0.082261 0.468568 0.025670 0.241879 0
F 0.101694 0.258323 0.493099 -0.061261 0.201183 0
F 0.075584 0.117425 0.498579 0.024389 0.274935 0
F 0.221839 -0.038114 0.540051 -0.076012 0.298608 0
F 0.056155 0.251223 0.473176 -0.032735 0.245581 0
F 0.004883 0.305843 0.538539 -0.055772 0.202808 0
F 0.118141 0.144895 0.555206 -0.016815 0.192882 0
F -0.075544 -0.219473 0.756102 0.108272 0.398201 0
F 0.077914 0.248551 0.459575 -0.039873 0.249829 0
F -0.104537 0.081334 0.483955 0.196480 0.295661 0
F 0.235291 0.103304 0.453397 -0.089844 0.294981 0
F 0.089507 0.280367 0.511681 -0.054635 0.167095 0
F 0.074989 0.307585 0.524708 -0.080373 0.169840 0
F 0.098272 0.249633 0.527718 -0.066555 0.184688 0
F 0.119512 0.276578 0.454556 -0.083442 0.225791 0
F 0.057799 0.266600 0.461940 -0.010436 0.219111 0
F 0.115863 0.213519 0.485752 -0.049613 0.229524 0
F 0.061998 0.291288 0.455924 -0.014543 0.197525 0
F 0.054753 0.319102 0.485359 -0.043878 0.182686 0
F 0.016309 0.251639 0.483812 0.013435 0.224943 0
F 0.090258 0.335449 0.532616 -0.096823 0.135308 0
F 0.143619 0.354483 0.489924 -0.120350 0.128762 0
F 0.068693 0.256220 0.494328 0.001231 0.174388 0
F 0.099510 0.352817 0.508167 -0.083177 0.120630 0
F 0.123529 0.233146 0.493216 -0.039371 0.187318 0
F 0.072618 0.253989 0.497218 -0.032420 0.203069 0
F 0.078273 0.242252 0.513909 -0.037987 0.198416 0
F 0.081416 0.213664 0.509825 0.009555 0.182242 0
F 0.129087 0.281514 0.468844 -0.035891 0.150987 0
F 0.106615 0.262349 0.478173 -0.026026 0.175629 0
F 0.479549 0.407124 0.453685 -0.491718 0.102286 0
F 0.412942 0.483835 0.460646 -0.335006 -0.030390 0
F 0.141740 0.330950 0.466703 -0.074711 0.132018 0
F 0.225449 0.316313 0.473310 -0.125927 0.105792 0
F 0.330173 0.238463 0.453050 -0.239251 0.156493 0
F 0.085169 0.197061 0.504229 -0.035498 0.240645 0
F 0.158869 0.180223 0.523465 -0.084189 0.214559 0
F -0.404298 -0.201845 0.635512 0.431406 0.483663 0
F 0.161609 0.180049 0.558486 -0.113927 0.210290 0
F 0.189011 0.225864 0.501715 -0.103233 0.183873 0
F -0.069033 -0.017803 0.601117 0.225599 0.255128 0
F 0.135882 0.185658 0.517049 -0.046233 0.205421 0
F 0.122495 0.217653 0.537121 -0.064551 0.182087 0
F 0.084623 0.239035 0.526958 -0.038095 0.182865 0
F 0.005376 0.208276 0.508193 0.034476 0.241082 0
F 0.113491 0.242790 0.534300 -0.068907 0.170617 0
F 0.112960 0.272729 0.540366 -0.068445 0.141044 0
F 0.061904 0.186127 0.471653 -0.001860 0.266879 0
F 0.099578 0.246229 0.477504 -0.014506 0.183510 0
F 0.124816 0.249841 0.485607 -0.062624 0.198761 0
F 0.118955 0.192156 0.469026 -0.033135 0.239382 0
F 0.166391 0.241516 0.496463 -0.115101 0.201388 0
F 0.112868 0.205597 0.504875 -0.054573 0.226179 0
F 0.193357 0.232459 0.449070 -0.111958 0.229081 0
F 0.214482 0.252280 0.439242 -0.078148 0.166131 0
F 0.141832 0.285810 0.480264 -0.063006 0.150883 0
F 0.108693 0.184614 0.520241 -0.026111 0.205209 0
F 0.129168 0.253310 0.493826 -0.045255 0.166503 0
F 0.149695 0.209884 0.507976 -0.065707 0.193570 0
F 0.098479 0.257695 0.501295 -0.027200 0.165324 0
F 0.162132 0.198524 0.541855 -0.085366 0.180342 0
F 0.184494 0.290971 0.463606 -0.122835 0.174241 0
F 0.146549 0.271819 0.524024 -0.089013 0.143594 0
F 0.261617 0.344936 0.401083 -0.163351 0.147771 0
F 0.164215 0.232567 0.504297 -0.107847 0.195157 0
F 0.161433 0.301007 0.512689 -0.119463 0.142034 0
F 0.148170 0.239214 0.513554 -0.094657 0.189311 0
F 0.118637 0.216366 0.479077 -0.059234 0.234636 0
F 0.060765 0.182369 0.579748 -0.038733 0.214037 0
F 0.089035 0.235339 0.482761 -0.023183 0.212632 0
F 0.146941 0.242653 0.489869 -0.106929 0.224718 0
F 0.147626 0.244261 0.471647 -0.058365 0.190822 0
F 0.226825 0.305234 0.437423 -0.136441 0.158981 0
F 0.281876 0.316315 0.497920 -0.209012 0.106048 0
F 0.256379 0.346826 0.512431 -0.221625 0.094126 0
F 0.227259 0.371463 0.491341 -0.191690 0.090129 0
F 0.292082 0.297289 0.486116 -0.162778 0.081547 0
F 0.257796 0.266701 0.490369 -0.136700 0.112712 0
F 0.160852 0.274394 0.514959 -0.117010 0.162917 0
F 0.131373 0.256332 0.507919 -0.072127 0.171054 0
F 0.106806 0.308840 0.586125 -0.106230 0.101326 0
F 0.080547 0.247550 0.523941 -0.047771 0.188929 0
F 0.115058 0.263887 0.531307 -0.071346 0.157925 0
F 0.305301 0.138273 0.481505 -0.118232 0.186635 0
F 0.053107 0.188864 0.506769 -0.000087 0.241565 0
F 0.480949 0.018972 0.414194 -0.215084 0.229798 0
F 0.205127 0.129371 0.460853 -0.071537 0.265788 0
F -0.026170 -0.120802 0.636850 0.038748 0.281078 0
F 0.231638 -0.141362 0.246252 0.065728 0.591783 0
F 0.103085 0.199354 0.478189 -0.021465 0.231509 0
F 0.111721 0.314070 0.520701 -0.096211 0.140831 0
F 0.224417 -0.322654 0.453330 0.048207 0.562618 0
F -0.026900 0.213418 0.279506 0.035889 0.493160 0
F 0.056034 0.308441 0.501393 -0.041534 0.170369 0
F 0.061940 0.264325 0.493700 -0.030949 0.205906 0
F 0.058303 0.257477 0.494951 -0.034161 0.214545 0
F 0.104420 0.317078 0.439077 -0.079264 0.211024 0
F 0.102512 0.307263 0.496980 -0.061028 0.149399 0
F 0.224439 0.240697 0.405096 -0.098542 0.214868 0
F 0.186077 0.327060 0.473069 -0.143279 0.144199 0
F 0.087880 0.231185 0.435613 -0.036841 0.279850 0
F 0.074790 0.299868 0.491965 -0.012624 0.143191 0
F 0.148242 0.311076 0.482001 -0.076700 0.131259 0
F 0.076939 0.240797 0.512277 -0.039921 0.203788 0
F 0.060324 0.327054 0.472631 -0.075513 0.208430 0
F 0.197764 0.243786 0.460680 -0.130273 0.213820 0
F 0.059574 0.363423 0.458657 -0.064518 0.177726 0
F 0.120989 0.316917 0.484212 -0.081630 0.150867 0
F 0.183938 0.296148 0.469230 -0.148181 0.187113 0
F 0.132898 0.383306 0.463779 -0.116345 0.129485 0
F 0.100125 0.413410 0.429196 -0.112119 0.166356 0
F 0.089259 0.295650 0.521738 -0.060667 0.146251 0
F 0.134359 0.263009 0.467290 -0.047967 0.175435 0
F 0.125179 0.338815 0.471595 -0.096503 0.154305 0
F 0.095967 0.327587 0.545437 -0.071699 0.097467 0
F 0.053791 0.370433 0.517778 -0.084732 0.139547 0
F 0.059099 0.240033 0.494053 0.002056 0.194719 0
F 0.105616 0.322435 0.474959 -0.091348 0.179015 0
F 0.086399 0.178208 0.527911 -0.011016 0.214063 0
F 0.127361 0.383638 0.475000 -0.119186 0.126474 0
F 0.176735 0.326634 0.476232 -0.124765 0.140997 0
F 0.195333 0.401846 0.448116 -0.177559 0.115773 0
F 0.247799 0.400651 0.470950 -0.240341 0.113284 0
F 0.204180 0.421789 0.479780 -0.192198 0.064241 0
F 0.199063 0.379864 0.444360 -0.138983 0.106369 0
F 0.216116 0.452158 0.479239 -0.207551 0.048481 0
F 0.129653 0.387002 0.488622 -0.135885 0.123608 0
F 0.051550 0.362759 0.546415 -0.077594 0.114290 0
F 0.078395 0.347814 0.449211 -0.074174 0.193511 0
F 0.088523 0.290836 0.518541 -0.048227 0.142271 0
F 0.113864 0.328059 0.468797 -0.084251 0.170958 0
F 0.205316 0.155513 0.446513 -0.127192 0.313576 0
F -0.019227 -0.438335 0.620096 -0.047860 0.525129 0
F 0.089136 0.330428 0.529341 -0.089089 0.136813 0
F 0.145362 0.295788 0.553910 -0.159639 0.157670 0
F 0.226459 0.387232 0.472389 -0.199324 0.110563 0
F 0.170760 0.306677 0.485067 -0.148822 0.177320 0
F 0.186473 0.401999 0.441382 -0.146278 0.111989 0
F 0.280208 0.409289 0.465765 -0.256104 0.086972 0
F 0.242248 0.398132 0.487725 -0.224343 0.092740 0
F 0.139973 0.346622 0.491457 -0.120001 0.134034 0
F 0.112758 0.312099 0.490320 -0.065406 0.141161 0
F 0.119903 0.296840 0.532723 -0.069729 0.117956 0
F 0.085708 0.303660 0.467301 -0.075977 0.214648 0
F 0.133602 0.308962 0.490155 -0.086909 0.146148 0
F 0.092627 0.255649 0.460061 -0.059552 0.245380 0
F 0.142785 0.270639 0.521019 -0.110928 0.170790 0
F 0.127695 0.410273 0.529254 -0.149995 0.081069 0
F 0.121736 0.310066 0.478821 -0.076360 0.157611 0
F 0.106695 0.264963 0.490114 -0.049557 0.183697 0
F 0.135667 0.293068 0.475312 -0.100489 0.187204 0
F 0.155261 0.340542 0.396428 -0.074535 0.172440 0
F 0.211296 0.337131 0.490605 -0.175333 0.130952 0
F 0.138151 0.332126 0.458041 -0.080433 0.141235 0
F 0.213003 0.336558 0.440586 -0.125316 0.128635 0
F 0.225956 0.390291 0.469192 -0.187786 0.085601 0
F 0.235178 0.299144 0.451182 -0.173857 0.181353 0
F 0.166863 0.288419 0.544610 -0.123349 0.116213 0
F 0.073525 0.236646 0.543270 -0.031230 0.174555 0
F 0.013450 0.309064 0.549737 -0.034019 0.158799 0
F 0.095751 0.381271 0.471872 -0.092375 0.139938 0
F 0.132757 0.288035 0.560976 -0.124971 0.140598 0
F 0.101926 0.309277 0.524491 -0.071823 0.132144 0
F 0.162424 0.088861 0.321388 0.048989 0.371018 0
F 0.016022 0.282864 0.493270 -0.004642 0.205019 0
F -0.024085 0.330487 0.221572 -0.128258 0.584649 0
F 0.054413 0.253946 0.410023 -0.042773 0.316302 0
F 0.068604 0.266706 0.457843 -0.038536 0.239679 0
F 0.116005 0.377558 0.510541 -0.105921 0.098830 0
F 0.269735 0.321491 0.509789 -0.207275 0.099228 0
F 0.199611 0.266218 0.474963 -0.106576 0.157134 0
F 0.245632 0.434084 0.435997 -0.201679 0.079004 0
F 0.206096 0.332637 0.523267 -0.158797 0.091951 0
F 0.201110 0.291746 0.471350 -0.123397 0.153479 0
F 0.190807 0.362541 0.456984 -0.143830 0.127920 0
F 0.122955 0.315111 0.496956 -0.094103 0.145051 0
F 0.150786 0.394567 0.508590 -0.134676 0.078698 0
F 0.123267 0.251103 0.491910 -0.055582 0.185964 0
F 0.347467 0.059160 0.249424 0.039165 0.271209 0
F -0.032942 0.307614 0.276333 -0.098128 0.538659 0
F -0.012964 0.184711 0.425661 0.005963 0.392389 0
F 0.236553 -0.006597 0.395330 -0.032972 0.401899 0
F 0.135640 0.142638 0.508713 -0.013607 0.207179 0
F 0.139788 0.191833 0.517888 -0.089648 0.236494 0
F 0.183921 0.250080 0.457590 -0.093902 0.197158 0
F 0.078503 0.292470 0.522261 -0.056197 0.161091 0
F 0.088054 0.235865 0.512259 -0.055269 0.214508 0
F 0.135583 0.178394 0.496219 -0.032789 0.217066 0
F 0.071626 0.226397 0.474404 -0.010810 0.234676 0
F 0.181585 0.221127 0.202573 -0.093364 0.422612 0
F -0.298680 0.172822 0.351586 0.192402 0.551953 0
F 0.035073 0.186032 0.441266 0.026694 0.291203 0
F 0.027366 0.251955 0.528263 -0.002259 0.189435 0
F 0.095641 0.241631 0.499424 -0.036452 0.194514 0
F 0.122032 0.266778 0.490681 -0.104579 0.215731 0
F 0.102233 0.240787 0.497543 -0.050259 0.205363 0
F 0.160342 0.243299 0.500675 -0.093838 0.186205 0
F 0.065443 0.121559 0.344155 -0.023892 0.462917 0
F 0.142077 0.248366 0.510755 -0.070063 0.165365 0
F -0.370784 0.242205 0.404193 0.184585 0.519697 0
F 0.085262 0.281347 0.543404 -0.068643 0.154675 0
F 0.086808 0.274766 0.432654 -0.036183 0.229067 0
F 0.063843 0.234266 0.499364 -0.031667 0.226790 0
F 0.109380 0.254197 0.517851 -0.085616 0.200502 0
F 0.044050 0.264623 0.509777 -0.025270 0.201592 0
F 0.097054 0.289920 0.489745 -0.060049 0.179862 0
F 0.086536 0.238955 0.526882 0.001356 0.144598 0
F 0.032195 0.292649 0.507232 -0.028354 0.192135 0
F 0.141608 0.266273 0.469332 -0.072921 0.191278 0
F 0.097726 0.206115 0.462662 -0.001132 0.226875 0
F 0.036720 0.263625 0.536649 0.059743 0.101502 0
F -0.020337 0.216689 0.473319 0.041839 0.285464 0
F 0.093322 0.310508 0.498599 -0.071372 0.164769 0
F 0.068092 0.271674 0.536202 -0.026809 0.148977 0
F 0.109430 0.271644 0.512977 -0.078654 0.181300 0
F 0.149876 0.342046 0.508684 -0.130601 0.124277 0
F 0.299966 0.424482 0.374854 -0.201446 0.096579 0
F 0.593717 0.459338 0.292324 -0.464120 0.103221 0
F 0.906630 0.309889 0.058073 -0.601744 0.301064 0
F 0.818526 0.226426 0.128451 -0.507315 0.236382 0
F 0.926670 0.275732 -0.020009 -0.557585 0.277519 0
F 1.036882 0.088583 0.022958 -0.477377 0.282621 0
F 0.951634 0.249628 0.000703 -0.567975 0.286636 0
F 1.178360 0.083359 -0.035679 -0.715582 0.363426 0
F 1.386454 -0.331904 0.006011 -0.431608 0.266876 0
F 1.208018 -0.033160 -0.101891 -0.549478 0.390264 0
F 1.197130 -0.071640 0.021701 -0.569264 0.353274 0
F 1.111226 0.023870 -0.041871 -0.530720 0.266561 0
F 1.252270 -0.040176 -0.117724 -0.611073 0.360913 0
F 1.308220 -0.257536 0.146603 -0.599186 0.276661 0
F 1.228115 0.089705 -0.152133 -0.634283 0.411051 0
F 1.107842 -0.047375 -0.035912 -0.342531 0.279864 0
F 1.212856 -0.120058 -0.126734 -0.331980 0.246093 0
F 1.199780 -0.067147 -0.105547 -0.435666 0.351794 0
F 1.070896 0.142867 -0.128725 -0.509562 0.375828 0
F 0.951527 0.201926 -0.003508 -0.548719 0.324498 0
F 0.811883 0.302076 0.072388 -0.551958 0.288921 0
F 0.989647 0.157947 -0.078161 -0.445447 0.336305 0
F 0.967403 0.181856 -0.054475 -0.494040 0.342665 0
F 0.663496 0.064148 0.535260 -0.556594 0.175554 0
F 0.980881 0.138372 0.023395 -0.505836 0.329947 0
F 0.965008 0.212011 -0.070396 -0.526198 0.360841 0
F 1.074472 0.087324 -0.056011 -0.538984 0.353641 0
F 0.616828 0.483430 -0.004330 -0.451469 0.299176 0
F 1.043027 0.132634 -0.055262 -0.534505 0.364070 0
F 1.004550 0.080961 0.055330 -0.530846 0.343238 0
F 0.947254 0.171356 -0.001450 -0.456002 0.300774 0
F 0.969916 0.105417 0.047231 -0.574202 0.291442 0
F 1.013645 0.136809 -0.014220 -0.518652 0.344917 0
F 1.022600 0.168844 -0.055778 -0.546457 0.365271 0
F 1.172541 -0.007322 -0.103985 -0.472691 0.299479 0
F 1.047022 0.169457 -0.009101 -0.566956 0.303660 0
F 0.806607 0.265811 0.066914 -0.445136 0.276596 0
F 0.934148 0.126498 0.207406 -0.554980 0.239489 0
F 1.010568 0.097596 0.044326 -0.498561 0.306557 0
F 0.985213 0.129232 0.070886 -0.590432 0.351009 0
F 0.954787 0.054147 0.029050 -0.472465 0.329095 0
F 0.913248 0.202560 0.012889 -0.600103 0.357988 0
F 0.731277 0.232148 0.305019 -0.554097 0.152954 0
F 1.078480 0.097559 -0.035612 -0.605847 0.358150 0
F 1.038844 0.044743 0.073051 -0.525539 0.278665 0
F 1.105876 -0.125427 0.010005 -0.373189 0.276004 0
F 0.906271 0.162100 0.197182 -0.747015 0.346468 0
F 1.240773 -0.177646 -0.010356 -0.470787 0.324924 0
F 1.166139 -0.054077 -0.025881 -0.527311 0.339480 0
F 1.156573 -0.031238 -0.024179 -0.599377 0.367152 0
F 1.171330 -0.087690 0.000476 -0.535205 0.385393 0
F 1.019561 -0.013613 0.024351 -0.405758 0.269749 0
F 1.014592 -0.025321 -0.024508 -0.396745 0.393042 0
F 0.938667 0.182097 0.083587 -0.606535 0.324393 0
F 0.980058 0.182103 0.053251 -0.610529 0.336883 0
F 1.065154 0.112671 -0.026885 -0.576363 0.336912 0
F 1.052661 0.070829 0.011599 -0.492749 0.301700 0
F 1.072186 -0.015152 0.097748 -0.541690 0.293868 0
F 1.019993 0.111999 0.036614 -0.528468 0.278973 0
F 0.704714 0.406746 0.170834 -0.542214 0.154467 0
F 0.546823 0.567643 0.307396 -0.562149 0.088494 0
F 0.820069 0.350839 0.082724 -0.568256 0.276081 0
F 0.969465 0.149856 0.102086 -0.566740 0.299376 0
F 0.886892 0.196945 0.160311 -0.564195 0.266603 0
F 0.930617 0.168089 0.040004 -0.502094 0.301650 0
F 1.018494 0.011903 0.025180 -0.453377 0.318536 0
F 0.815104 0.248182 0.174071 -0.536833 0.237507 0
F 0.705093 0.113094 0.153104 -0.370705 0.300601 0
F 0.877927 0.098607 -0.030007 -0.418932 0.310567 0
F 0.877666 0.225424 0.012747 -0.579191 0.341761 0
F 1.305732 -0.179607 -0.019683 -0.530049 0.354397 0
F 1.537226 -0.636950 -0.023187 -0.194139 0.214251 0
F 1.251256 -0.196603 0.014368 -0.489857 0.330482 0
F 1.194093 0.012336 -0.066131 -0.573370 0.337546 0
F 1.307960 -0.534157 -0.037925 -0.156801 0.369783 0
F 1.129000 -0.095896 -0.017111 -0.417838 0.333073 0
F 1.093543 0.083474 0.046739 -0.635266 0.346271 0
F 1.116020 -0.155056 0.062686 -0.459480 0.410265 0
F 0.879790 0.150311 0.094018 -0.476590 0.281227 0
F 1.093042 0.010648 0.040953 -0.494542 0.298896 0
F 1.092714 0.008790 -0.082063 -0.407048 0.329826 0
F 1.201515 -0.015927 -0.004616 -0.617629 0.383981 0
F 1.063758 0.084149 -0.002367 -0.562119 0.299017 0
F 1.051841 0.036947 0.082419 -0.541066 0.278676 0
F 1.122873 -0.011686 0.109595 -0.632404 0.366480 0
F 1.119898 -0.071404 -0.014454 -0.385178 0.314326 0
F 1.047024 -0.043176 0.064683 -0.468937 0.334708 0
F 1.016983 0.064028 -0.005037 -0.496688 0.375394 0
F 0.964765 0.083362 0.117922 -0.511603 0.277346 0
F 1.137317 0.063465 -0.058329 -0.584176 0.358103 0
F 1.150978 -0.045792 0.084187 -0.597874 0.344146 0
F 1.152091 0.053593 -0.036974 -0.571216 0.347636 0
F 1.191645 -0.014017 0.004384 -0.611285 0.383837 0
F 1.269364 -0.106992 -0.049816 -0.546339 0.366885 0
F 1.168604 0.001254 0.052999 -0.642008 0.342363 0
F 1.053402 0.081996 0.098364 -0.581374 0.320181 0
F 0.934155 0.108848 0.131351 -0.583053 0.349561 0
F 1.027482 0.115994 0.023109 -0.530356 0.308141 0
F 1.107986 0.058030 0.053687 -0.628389 0.363860 0
F 1.125664 -0.149135 0.123551 -0.529100 0.369385 0
F 1.264143 -0.411585 0.074513 -0.267903 0.308864 0
F 1.632375 -0.951955 0.207566 -0.162539 0.106446 0
F 1.539823 -0.725247 0.174336 -0.274511 0.206017 0
F 1.643859 -0.818540 0.145507 -0.268764 0.224786 0
F 1.225141 -0.176476 -0.026715 -0.425609 0.323151 0
F 1.046381 -0.012012 -0.002758 -0.435580 0.325541 0
F 1.064789 -0.082290 0.025189 -0.426227 0.385482 0
F 1.314608 -0.369124 -0.024546 -0.262338 0.292289 0
F 1.052165 0.021173 -0.032771 -0.402701 0.314932 0
F 1.116320 -0.072974 0.101550 -0.520967 0.325054 0
F 1.051784 0.103404 0.055527 -0.626407 0.382975 0
F 1.074858 -0.023822 0.036904 -0.523851 0.384104 0
F 1.847740 -1.451713 0.559449 -0.159170 -0.013914 0
F 1.548447 -0.698913 -0.011449 -0.093954 0.179482 0
F 1.080539 0.010238 0.069593 -0.597841 0.394280 0
F 1.074573 0.085013 0.054248 -0.623495 0.343843 0
F 0.943787 0.227382 0.033712 -0.606782 0.327084 0
F 1.136150 -0.077842 -0.004846 -0.450250 0.366726 0
F 1.000641 0.001671 0.064088 -0.394897 0.252826 0
F 1.141065 0.129326 -0.156374 -0.542670 0.392329 0
F 1.207692 -0.062060 -0.089780 -0.556529 0.398684 0
F 1.238958 -0.054998 -0.156316 -0.456213 0.363889 0
F 1.292514 -0.158979 -0.108763 -0.474941 0.370437 0
F 1.477285 -0.675919 0.058650 -0.155698 0.205089 0
F 1.199393 0.005435 -0.163458 -0.461348 0.362498 0
F 1.276091 -0.228499 0.024455 -0.504647 0.327728 0
F 1.159502 0.020269 -0.046676 -0.545993 0.372458 0
F 1.187357 -0.039813 -0.053429 -0.501540 0.327845 0
F 1.091809 0.000431 0.096318 -0.559942 0.296814 0
F 1.432562 -0.392180 -0.083953 -0.258463 0.230998 0
F 1.260808 -0.200130 0.032406 -0.451393 0.290446 0
F 1.345236 -0.396248 0.007538 -0.320737 0.238278 0
F 1.315962 -0.280039 0.021809 -0.426855 0.279099 0
F 0.880698 0.228584 0.058416 -0.631602 0.299286 0
F 1.603657 -0.154509 -0.444724 -0.440107 0.387328 0
F 1.359688 -0.274167 0.038032 -0.494352 0.295232 0
F 1.289257 -0.236456 0.034642 -0.466192 0.260538 0
F 1.558523 -0.848436 0.195489 -0.120726 0.101808 0
F 1.421473 -0.277401 -0.104361 -0.416871 0.261001 0
F 1.469316 -0.504483 0.056293 -0.360797 0.239759 0
F 1.227682 -0.036037 -0.002658 -0.622366 0.361116 0
F 1.154739 -0.058664 0.074677 -0.574311 0.320408 0
F 1.352450 -0.272257 0.022950 -0.570325 0.349347 0
F 1.390069 -0.285294 -0.005416 -0.456843 0.310776 0
F 1.367867 -0.270156 0.060173 -0.596437 0.395763 0
F 1.245744 -0.356038 0.047025 -0.267150 0.204686 0
F 1.308918 -0.290833 -0.060785 -0.223507 0.221597 0
F 1.285879 -0.317853 -0.022767 -0.251627 0.248987 0
F 1.138107 -0.024878 0.000265 -0.516451 0.315386 0
F 1.176615 -0.178499 0.162427 -0.560635 0.284166 0
F 1.243047 -0.173184 0.073320 -0.541295 0.335266 0
F 1.272114 -0.323441 0.053586 -0.317103 0.181288 0
F 1.219469 -0.122921 -0.054466 -0.418581 0.276365 0
F 1.301555 -0.252633 0.062029 -0.454537 0.221628 0
F 1.236106 -0.083680 0.001642 -0.585733 0.327254 0
F 1.202423 -0.208397 0.164357 -0.467143 0.246307 0
F 1.119001 -0.024552 0.120886 -0.575220 0.314057 0
F 1.208736 -0.075454 0.053616 -0.500977 0.283788 0
F 1.273800 -0.439320 0.173656 -0.332767 0.256488 0
F 1.196021 -0.177936 0.022309 -0.448381 0.307401 0
F 1.230561 -0.123272 0.013670 -0.555758 0.378116 0
F 1.230080 -0.128637 0.103608 -0.643157 0.375263 0
F 1.116171 0.032114 -0.058921 -0.505261 0.361933 0
F 1.180254 -0.168698 0.015656 -0.405242 0.301762 0
F 1.506567 -0.614848 0.116139 -0.344899 0.247292 0
F 1.377892 -0.359842 0.067791 -0.470870 0.297774 0
F 1.255800 -0.137034 0.009026 -0.471908 0.294643 0
F 1.414382 -0.358865 -0.123265 -0.277640 0.203459 0
F 1.482746 -0.643781 0.019566 -0.026964 0.082552 0
F 1.131589 0.067430 -0.031640 -0.548962 0.304636 0
F 1.201051 -0.112866 -0.004468 -0.477673 0.313023 0
F 1.284958 -0.325696 0.137239 -0.400338 0.180395 0
F 1.228534 -0.164791 0.006816 -0.423323 0.296548 0
F 1.230695 -0.242397 0.087972 -0.465849 0.345822 0
F 1.351514 -0.390444 -0.083405 -0.237732 0.259311 0
F 1.506407 -0.532375 -0.164718 -0.053301 0.160661 0
F 1.378441 -0.435937 0.058585 -0.402918 0.281329 0
F 1.219598 -0.116541 -0.026460 -0.513091 0.387918 0
F 1.121208 -0.085430 0.057218 -0.468520 0.281617 0
F 1.215107 -0.203666 -0.048003 -0.336898 0.292318 0
F 1.186291 -0.055172 -0.111599 -0.422626 0.293621 0
F 1.171860 -0.022736 0.001826 -0.559898 0.366254 0
F 1.024470 -0.100822 0.088351 -0.307439 0.171305 0
F 1.205591 -0.273402 0.049403 -0.239772 0.202333 0
F 1.044503 0.038431 -0.008395 -0.466946 0.286758 0
F 1.253103 -0.176413 0.008798 -0.452921 0.293449 0
F 1.389112 -0.278439 -0.186652 -0.296967 0.270442 0
F 1.550342 -0.413962 0.151115 -0.740268 0.367794 0
F 1.588495 -0.733662 0.019707 -0.119221 0.101298 0
F 1.619865 -0.889476 0.211264 -0.215468 0.120497 0
F 1.574039 -0.690381 0.016414 -0.167860 0.140054 0
F 1.580548 -0.742512 0.066664 -0.128479 0.100572 0
F 1.528515 -0.627756 0.137424 -0.363797 0.240819 0
F 1.640920 -0.748985 0.094704 -0.224206 0.155740 0
F 1.670513 -0.777970 0.074182 -0.275817 0.213148 0
F 1.469586 -0.302342 -0.013196 -0.657450 0.392528 0
F 1.341706 -0.278982 0.008873 -0.438552 0.264446 0
F 1.700749 -0.849891 0.088798 -0.139711 0.117126 0
F 1.500463 -0.509070 0.156934 -0.552649 0.300131 0
F 1.518035 -0.436652 -0.071117 -0.424245 0.313090 0
F 1.875029 -1.329134 0.290485 0.166444 -0.173090 0
F 1.706272 -0.881729 -0.000092 0.055311 -0.008464 0
F 1.754138 -1.010178 0.209027 -0.081284 -0.022766 0
F 1.464740 -0.428555 -0.060689 -0.301745 0.186790 0
F 1.458180 -0.516014 0.093037 -0.376851 0.230467 0
F 1.403827 -0.444384 0.152353 -0.512498 0.264223 0
F 1.403248 -0.398472 0.017665 -0.426048 0.288520 0
F 1.766752 -1.111930 0.195433 -0.016269 -0.020625 0
F 1.564594 -0.692352 -0.006271 -0.115751 0.101028 0
F 1.517577 -0.887757 0.234527 -0.084031 0.021386 0
F 1.530206 -0.680425 0.082261 -0.168425 0.104160 0
F 1.566611 -0.632157 0.022768 -0.244320 0.138028 0
F 1.407027 -0.309696 0.021627 -0.602158 0.347485 0
F 1.592071 -1.019146 0.329502 -0.165283 0.094002 0
F 1.514356 -0.653292 0.026396 -0.187094 0.196205 0
F 1.391799 -0.390437 -0.023216 -0.306049 0.180466 0
F 1.429688 -0.512261 0.071307 -0.286682 0.178768 0
F 1.541908 -0.595249 0.065901 -0.331970 0.180457 0
F 1.732914 -1.354775 0.343533 0.135244 -0.054135 0
F 2.302989 -2.308103 0.893645 0.116090 -0.189839 0
F 1.764390 -1.066380 0.027924 0.120096 0.015735 0
F 1.822137 -1.108848 0.139585 -0.024197 0.074591 0
F 1.733431 -0.976609 0.079261 0.000014 0.014674 0
F 1.493801 -0.386684 0.322447 -0.968630 0.446624 0
F 1.714502 -1.012164 0.306947 -0.316257 0.179406 0
F 1.526830 -0.751953 0.341797 -0.520038 0.261052 0
F 1.686861 -0.935763 0.203067 -0.209839 0.164964 0
F 1.560313 -0.748656 0.230675 -0.329829 0.179512 0
F 1.563294 -0.801821 0.346073 -0.443447 0.212959 0
F 1.502705 -0.748205 0.240615 -0.265377 0.174139 0
F 1.547403 -0.896178 0.115303 0.109271 -0.041877 0
F 1.507871 -0.905716 0.246050 -0.098010 0.074392 0
F 1.345454 -0.531944 0.248535 -0.343942 0.180826 0
F 1.402223 -0.607074 0.242909 -0.318907 0.152549 0
F 1.545565 -0.849961 0.299127 -0.252391 0.188637 0
F 1.361638 -0.503922 0.153849 -0.320787 0.153903 0
F 1.413146 -0.738102 0.327653 -0.214459 0.047153 0
F 0.358313 0.067152 0.422352 -0.342989 0.178861 0
F 0.816770 0.065592 0.233974 -0.619553 0.295259 0
F 0.285762 0.354026 0.330933 -0.404478 -0.095687 0
F 0.330419 0.385179 0.216872 -0.450062 0.103060 0
F 1.020865 -0.156468 0.070087 -0.420028 0.295812 0
F 1.160525 -0.285422 0.032256 -0.350685 0.296618 0
F 1.461084 -0.624438 0.147362 -0.259317 0.138000 0
F 1.525158 -0.686998 0.170652 -0.321747 0.191367 0
F 1.515532 -0.660989 0.107370 -0.201168 0.090610 0
F 1.357776 -0.466688 0.191347 -0.411293 0.198781 0
F 1.485878 -0.716305 0.288860 -0.318497 0.183806 0
F 1.243676 -0.421576 0.237383 -0.406833 0.157661 0
F 1.515275 -0.610805 0.131882 -0.360620 0.260312 0
F 1.513310 -0.609743 0.263446 -0.487943 0.254227 0
F 1.536158 -0.796733 0.340513 -0.384885 0.160352 0
F 1.642406 -0.923517 0.258042 -0.190264 0.108683 0
F 1.685961 -0.988938 0.283947 -0.217540 0.119271 0
F 1.614041 -0.943540 0.155257 -0.055014 0.105257 0
F 1.549881 -0.907022 0.161168 -0.079795 0.147034 0
F 1.468432 -0.605895 0.217445 -0.414452 0.264077 0
F 1.484418 -0.679253 0.085755 -0.135254 0.131356 0
F 1.745158 -1.074278 0.304227 -0.207377 0.091188 0
F 1.628516 -0.894095 0.251529 -0.259973 0.133909 0
F 1.600453 -0.796693 0.227959 -0.330472 0.192545 0
F 1.588667 -0.756046 0.265702 -0.460482 0.259496 0
F 1.605864 -0.916718 0.402001 -0.407695 0.173767 0
F 1.540774 -0.718741 0.270352 -0.414454 0.186816 0
F 1.549628 -0.698278 0.228187 -0.398374 0.247754 0
F 1.643398 -0.867729 0.274318 -0.422156 0.251253 0
F 1.750126 -1.151776 0.420049 -0.299343 0.114292 0
F 1.796146 -1.187200 0.370970 -0.170129 0.062951 0
F 1.822217 -1.243332 0.511824 -0.340527 0.132106 0
F 1.869827 -1.426429 0.414591 0.054039 -0.093367 0
F 1.707780 -1.054965 0.198750 -0.048846 0.012509 0
F 1.538812 -0.853199 0.257571 -0.190785 0.097341 0
F 1.697492 -1.048589 0.155201 0.096494 -0.068085 0
F 1.403185 -0.432241 0.198831 -0.551484 0.313662 0
F 1.743870 -1.129439 0.352444 -0.229791 0.115142 0
F 1.602585 -0.916349 0.274789 -0.213634 0.152708 0
F 1.615848 -1.010476 0.358025 -0.286766 0.182331 0
F 1.602173 -1.016447 0.269925 -0.105336 0.054191 0
F 1.371920 -0.584054 0.338118 -0.512340 0.239963 0
F 1.385764 -0.572387 0.266042 -0.445631 0.247099 0
F 1.366959 -0.539973 0.234002 -0.447508 0.299874 0
F 1.545520 -0.760050 0.278163 -0.417632 0.257739 0
F 1.334659 -0.441804 0.151738 -0.393223 0.226957 0
F 1.378995 -0.507581 0.251241 -0.490082 0.299470 0
F 1.489456 -0.709040 0.225616 -0.270245 0.136239 0
F 2.466502 -2.349286 0.982619 -0.215998 0.045426 0
F 1.692921 -0.882879 0.309777 -0.549988 0.293131 0
F 1.502297 -0.547117 0.230578 -0.620553 0.351782 0
F 1.364614 -0.449705 0.241433 -0.553960 0.271757 0
F 1.500280 -0.700137 0.134319 -0.206677 0.170325 0
F 1.518404 -0.774656 0.213609 -0.223848 0.129396 0
F 1.792344 -1.300149 0.338490 0.075094 -0.033448 0
F 1.783958 -1.208285 0.359578 -0.102264 0.076037 0
F 1.879318 -1.397462 0.438736 -0.047112 0.029657 0
F 1.553733 -0.815643 0.275859 -0.372207 0.215608 0
F 1.801310 -1.289750 0.354671 -0.006655 -0.005946 0
F 1.904241 -1.617602 0.716794 -0.199248 0.054858 0
F 1.962984 -2.076123 1.283295 -0.605567 0.212437 0
F 1.624567 -1.060464 0.278583 -0.136168 0.093508 0
F 1.666642 -1.209553 0.559180 -0.335036 0.209873 0
F 1.619791 -1.044330 0.417378 -0.245147 0.121812 0
F 1.492794 -0.769702 0.224560 -0.262549 0.232859 0
F 1.389466 -0.635300 0.286837 -0.367214 0.162120 0
F 1.502453 -0.727060 0.267164 -0.330354 0.158117 0
F 1.478839 -0.668190 0.282761 -0.429544 0.250471 0
F 1.453970 -0.767246 0.292956 -0.358680 0.300473 0
F 1.381664 -0.581057 0.343858 -0.509437 0.284272 0
F 1.441046 -0.641541 0.353267 -0.521799 0.273412 0
F 1.520996 -0.733614 0.213247 -0.390100 0.288502 0
F 1.370841 -0.619440 0.313537 -0.413440 0.211382 0
F 1.452124 -0.695023 0.345453 -0.401836 0.210062 0
F 1.393226 -0.627330 0.394182 -0.509022 0.238218 0
F 1.528853 -0.801473 0.262945 -0.341198 0.178021 0
F 1.666958 -0.993799 0.147775 -0.039833 0.019345 0
F 1.718293 -1.150478 0.291778 0.017070 0.003534 0
F 1.537359 -0.884825 0.333076 -0.254174 0.152672 0
F 1.680996 -1.277684 0.410935 0.020144 0.089113 0
F 1.573030 -0.959225 0.296238 -0.112946 0.043972 0
F 1.550233 -0.826769 0.275140 -0.231427 0.120954 0
F 1.527999 -0.708459 0.236811 -0.379974 0.258541 0
F 1.584908 -0.900323 0.291179 -0.233618 0.125743 0
F 1.416754 -0.655760 0.324350 -0.406051 0.222226 0
F 1.572028 -0.947049 0.385612 -0.267939 0.105171 0
F 1.305533 -0.541305 0.407959 -0.543303 0.292397 0
F 1.387696 -0.605034 0.274396 -0.349835 0.154298 0
F 1.436431 -0.572827 0.266283 -0.423052 0.229294 0
F 1.461235 -0.570559 0.221884 -0.494122 0.269419 0
F 1.388160 -0.460580 0.220008 -0.539535 0.256930 0
F 1.555585 -0.796790 0.297609 -0.251420 0.065519 0
F 1.540548 -0.694914 0.258856 -0.379764 0.167686 0
F 1.513878 -0.679424 0.282843 -0.432818 0.171319 0
F 1.494765 -0.740201 0.243524 -0.368747 0.252055 0
F 1.385434 -0.632002 0.313961 -0.368800 0.169454 0
F 1.417998 -0.579721 0.274995 -0.430123 0.249345 0
F 1.450059 -0.627100 0.328528 -0.495699 0.206035 0
F 1.616283 -0.869286 0.356041 -0.318321 0.151687 0
F 1.365361 -0.474536 0.266346 -0.540717 0.246648 0
F 1.382198 -0.501865 0.316636 -0.560718 0.280394 0
F 1.462706 -0.558996 0.247853 -0.498171 0.264072 0
F 1.354963 -0.463898 0.236818 -0.460973 0.204144 0
F 1.322178 -0.462356 0.244589 -0.427079 0.216479 0
F 1.259833 -0.341397 0.365555 -0.690437 0.320069 0
F 1.232383 -0.328521 0.317653 -0.583668 0.315137 0
F 1.330467 -0.531959 0.284977 -0.357665 0.187648 0
F 1.341179 -0.453449 0.299413 -0.580471 0.291083 0
F 1.444771 -0.536137 0.146209 -0.435739 0.231040 0
F 1.496708 -0.640222 0.283946 -0.496986 0.272074 0
F 1.303800 -0.317000 0.217656 -0.579193 0.280130 0
F 1.364560 -0.542686 0.295564 -0.421239 0.168538 0
F 1.348065 -0.485798 0.301017 -0.513533 0.247915 0
F 1.669736 -1.026406 0.499665 -0.477658 0.245721 0
F 1.461949 -0.595496 0.234670 -0.483191 0.266939 0
F 1.477193 -0.633063 0.275553 -0.447169 0.240374 0
F 1.435939 -0.601991 0.333051 -0.488619 0.227506 0
F 1.450963 -0.657066 0.320756 -0.458682 0.250137 0
F 1.370310 -0.561668 0.267692 -0.423914 0.192713 0
F 1.361735 -0.539370 0.216488 -0.374507 0.283545 0
F 1.336088 -0.544038 0.313862 -0.440360 0.249749 0
F 1.376222 -0.560859 0.308435 -0.472866 0.253935 0
F 1.311810 -0.344105 0.125807 -0.455202 0.268380 0
F 1.350677 -0.432327 0.261600 -0.576268 0.331761 0
F 1.271502 -0.368853 0.140401 -0.446441 0.275984 0
F 1.178197 -0.074065 0.056918 -0.596348 0.392928 0
F 1.145171 -0.165789 0.130140 -0.497965 0.365052 0
F 1.088027 -0.023489 0.025211 -0.478216 0.314583 0
F 1.045777 0.063164 0.037251 -0.556535 0.348032 0
F 0.904922 0.062537 0.171640 -0.516981 0.330699 0
F 0.626191 0.224431 0.315991 -0.400103 0.222128 0
F 0.255387 0.264301 0.524702 -0.166103 0.116205 0
F 0.156814 0.182757 0.489738 -0.088212 0.250737 0
F 0.019985 0.298704 0.516976 -0.067405 0.224954 0
F -0.129903 0.127663 0.551154 0.120939 0.325670 0
F 0.010514 0.300809 0.563731 -0.052198 0.172508 0
F 0.136786 0.240820 0.517962 -0.085723 0.178405 0
F 0.194562 0.267868 0.518696 -0.152298 0.159587 0
F 0.058412 0.237665 0.509557 -0.031481 0.219968 0
F 0.170113 0.315379 0.379373 -0.108047 0.236998 0
F 0.100643 0.226581 0.516889 -0.063760 0.216146 0
F 0.097413 0.359793 0.469215 -0.107972 0.178508 0
F 0.641353 0.386806 0.237633 -0.584298 0.170054 0
F 0.238724 0.451259 0.481452 -0.211434 0.029309 0
F 0.597985 0.530523 0.357047 -0.474934 -0.018063 0
F 0.183254 0.243284 0.515768 -0.157511 0.207877 0
F 0.169448 0.281800 0.496309 -0.160066 0.207967 0
F 0.309761 0.482513 0.549051 -0.314534 -0.029081 0
F 0.112485 0.277391 0.534246 -0.053271 0.126188 0
F 0.126173 0.312057 0.529983 -0.100537 0.123750 0
F 0.133606 0.321592 0.503600 -0.109611 0.146305 0
F 0.195267 0.323465 0.481188 -0.155391 0.145314 0
F 0.214335 0.247500 0.486831 -0.122600 0.164817 0
F 0.119232 0.247761 0.468427 -0.079679 0.239502 0
F 0.121840 0.296776 0.501850 -0.066479 0.137141 0
F 0.096572 0.315846 0.531998 -0.062356 0.112054 0
F 0.743794 0.418308 0.206075 -0.683941 0.260782 0
F 1.065374 0.153714 0.036767 -0.526348 0.246465 0
F 0.175318 0.444019 0.505276 -0.210666 0.075584 0
F 0.160085 0.368580 0.548846 -0.157766 0.075947 0
F 0.162353 0.273911 0.543676 -0.135875 0.144675 0
F 0.125226 0.416754 0.499585 -0.159203 0.112598 0
F 0.123660 0.344116 0.499986 -0.132049 0.149409 0
F 0.023823 0.273288 0.581318 -0.084444 0.180833 0
F 0.038135 0.334195 0.570445 -0.096991 0.148899 0
F 0.084254 0.369312 0.487358 -0.099644 0.153745 0
F 0.091161 0.467197 0.593276 -0.180524 0.023780 0
F 0.115593 0.329815 0.519302 -0.120523 0.147523 0
F 0.128653 0.390561 0.519701 -0.147081 0.099728 0
F 0.098754 0.287027 0.535885 -0.087443 0.155750 0
F 0.153318 0.372578 0.528455 -0.183289 0.122169 0
F 0.096862 0.339373 0.535036 -0.109734 0.131371 0
F 0.135459 0.383429 0.486448 -0.142927 0.133800 0
F 0.205757 0.352651 0.515705 -0.185542 0.105561 0
F 0.150381 0.385740 0.537737 -0.187010 0.100962 0
F 0.144902 0.318659 0.543730 -0.149911 0.137830 0
F 0.205152 0.255002 0.505395 -0.135672 0.158028 0
F 0.187824 0.339268 0.490079 -0.185682 0.161842 0
F 0.216150 0.360745 0.509127 -0.211779 0.118178 0
F 0.180789 0.366146 0.483613 -0.190077 0.153703 0
F 0.141727 0.340131 0.583692 -0.177664 0.110261 0
F 0.269270 0.323959 0.572986 -0.267385 0.095255 0
F 0.238959 0.359340 0.492739 -0.204543 0.106432 0
F 0.505577 0.408985 0.394334 -0.455712 0.136572 0
F 0.604559 0.417290 0.428568 -0.494068 0.032653 0
F 0.898583 0.253912 0.165220 -0.556482 0.203947 0
F 0.353134 0.351801 0.524080 -0.325703 0.083423 0
F 0.241594 0.286969 0.520469 -0.159989 0.101093 0
F 0.192282 0.336206 0.550862 -0.155921 0.072851 0
F 0.172911 0.287851 0.474270 -0.120980 0.180913 0
F 0.175056 0.384352 0.445166 -0.185874 0.175072 0
F 0.174712 0.401930 0.503683 -0.154264 0.069249 0
F 1.802915 -1.362111 1.150576 -0.946483 0.298122 0
F 2.581944 -3.122766 2.819709 -1.842464 0.543686 0
F 2.407636 -2.718433 2.234699 -1.280895 0.308461 0
F 2.289849 -2.492728 1.957610 -1.048103 0.234452 0
F 2.336801 -2.548409 2.075514 -1.314848 0.389152 0
F 2.487883 -3.055755 2.670244 -1.578587 0.408769 0
F 2.461243 -3.141419 2.898673 -1.803794 0.522119 0
F 1.823950 -2.212867 2.035456 -1.206336 0.472951 0
F 1.814895 -2.403538 2.213733 -1.306173 0.594985 0
F 2.027462 -2.755358 2.564269 -1.501288 0.607560 0
F 2.457941 -3.018810 2.616051 -1.382879 0.290730 0
F 2.116255 -2.425568 2.119392 -1.104946 0.233574 0
F 1.972887 -2.281160 2.027337 -1.095014 0.318404 0
F 2.084799 -2.517544 2.211492 -1.148479 0.301438 0
F 2.285117 -2.600590 2.158803 -1.144812 0.228327 0
F 2.804091 -3.701726 3.388070 -2.126161 0.612306 0
F 2.556490 -3.033348 2.727345 -1.864872 0.580157 0
F 2.277546 -2.381937 1.987404 -1.303008 0.376352 0
F 2.388340 -2.913620 2.532485 -1.525725 0.456235 0
F 2.195676 -2.609283 2.281666 -1.364765 0.421388 0
F 2.309530 -2.721648 2.267817 -1.263735 0.330589 0
F 2.289600 -2.480138 2.089914 -1.314473 0.361730 0
F 1.891054 -1.748918 1.474273 -0.913692 0.221385 0
F 1.715976 -1.766236 1.457061 -0.761000 0.257251 0
F 2.156290 -2.335608 1.868044 -1.046336 0.295690 0
F 2.202963 -2.459048 2.161531 -1.349673 0.361355 0
F 2.131301 -2.332693 1.793858 -0.848381 0.173840 0
F 2.396046 -2.845449 2.132934 -0.895918 0.142149 0
F 2.460357 -2.928924 2.512242 -1.527061 0.427271 0
F 2.366835 -2.633174 2.023005 -1.066245 0.254056 0
F 1.807624 -2.107341 1.858520 -0.994511 0.337111 0
F 2.306612 -2.861519 2.560773 -1.445181 0.376154 0
F 2.301230 -2.799350 2.455312 -1.389912 0.360866 0
F 2.139433 -2.658163 2.358593 -1.383119 0.452402 0
F 2.145906 -2.375400 1.934906 -1.052443 0.251625 0
F 2.431372 -2.926415 2.527625 -1.515339 0.408350 0
F 2.837293 -3.809006 3.573096 -2.333369 0.716403 0
F 2.599409 -3.193604 2.884667 -1.878576 0.552495 0
F 3.230507 -4.889215 4.946683 -3.337423 1.053564 0
F 2.578202 -3.091113 2.625911 -1.671056 0.520701 0
F 2.117399 -2.106290 1.732796 -1.103644 0.294629 0
F 2.198894 -2.764090 2.504953 -1.410087 0.408434 0
F 1.895161 -2.233000 2.085207 -1.185520 0.348467 0
F 2.295423 -2.793790 2.387185 -1.187240 0.229938 0
F 2.431207 -3.120588 2.783849 -1.510574 0.368117 0
F 2.437521 -2.973720 2.555025 -1.372614 0.307050 0
F 2.566297 -3.242489 2.941602 -1.783291 0.464619 0
F 2.322967 -2.774196 2.445627 -1.364561 0.297029 0
F 2.417603 -3.006172 2.603369 -1.366967 0.285790 0
F 2.195384 -2.327507 1.665977 -0.610437 -0.012420 0
F 2.217832 -2.119951 1.343946 -0.579907 0.047488 0
F 2.104949 -2.095571 1.537456 -0.687606 0.034119 0
F 2.150548 -1.969332 1.347566 -0.799620 0.194531 0
F 1.695724 -1.316165 1.222187 -0.847005 0.119411 0
F 2.115296 -2.226996 1.599325 -0.629823 0.052103 0
F 2.100312 -2.296056 1.768322 -0.692927 0.006013 0
F 2.042837 -2.334182 1.839987 -0.760154 0.081356 0
F 2.218496 -2.523390 1.952613 -0.754709 0.016996 0
F 2.090441 -1.934708 1.334638 -0.618769 0.063110 0
F 2.050512 -1.855132 1.298350 -0.669739 0.095455 0
F 2.333365 -2.625797 2.185355 -1.280027 0.327303 0
F 2.304311 -2.540542 2.029614 -1.106260 0.246877 0
F 2.467958 -2.892075 2.512185 -1.609932 0.480210 0
F 2.651903 -3.265597 2.871498 -1.863139 0.574592 0
F 2.880710 -3.864577 3.629612 -2.419853 0.759381 0
F 2.499544 -2.744583 2.326329 -1.628168 0.525060 0
F 2.182834 -2.128130 1.529831 -0.873355 0.228091 0
F 2.171207 -2.489400 2.074294 -1.084813 0.249020 0
F 1.786345 -1.934236 1.810724 -1.014849 0.227456 0
F 1.823451 -2.294112 2.105240 -1.227649 0.464542 0
F 2.354110 -2.606857 2.114371 -1.267889 0.343502 0
F 2.081347 -1.939105 1.409638 -0.825935 0.191602 0
F 2.393873 -2.804719 2.320398 -1.236221 0.259600 0
F 2.519375 -2.916656 2.395526 -1.451011 0.408342 0
F 2.483239 -2.941474 2.528118 -1.542177 0.423458 0
F 2.420599 -2.587379 2.016686 -1.240965 0.349262 0
F 2.186332 -2.199559 1.644666 -0.817221 0.113040 0
F 2.190794 -2.186772 1.676732 -0.942540 0.190823 0
F 2.086124 -2.221760 1.753551 -0.826308 0.130884 0
F 1.984748 -2.053796 1.651165 -0.757640 0.084764 0
F 2.094866 -2.083371 1.534741 -0.672214 0.023232 0
F 1.834878 -1.439122 1.013740 -0.546027 0.044912 0
F 1.894071 -1.409332 0.751759 -0.335800 0.004525 0
F 1.923350 -1.370809 0.714885 -0.510349 0.165342 0
F 1.717965 -0.953363 0.492894 -0.484267 0.147147 0
F 1.893157 -1.289256 0.652147 -0.469346 0.140175 0
F 1.861485 -1.363812 0.854624 -0.649984 0.212363 0
F 1.875012 -1.707080 1.238774 -0.492713 -0.029210 0
F 1.608658 -1.231026 1.123115 -0.752418 0.152153 0
F 1.586977 -0.937631 0.756489 -0.568929 0.084818 0
F 1.676196 -0.989618 0.432266 -0.192582 0.004187 0
F 1.702056 -0.887312 0.348068 -0.421358 0.183626 0
F 1.922128 -1.736197 0.933154 -0.112625 -0.122962 0
F 1.892972 -1.954926 1.390806 -0.555348 0.143807 0
F 1.818768 -1.709603 1.086107 -0.343127 0.035237 0
F 0.900211 0.253120 0.318872 -0.772579 0.136263 0
F 0.764827 0.027637 0.254740 -0.420909 0.242881 0
F 1.382870 -0.455864 0.283341 -0.452219 0.183136 0
F 1.352504 -0.176897 0.060429 -0.578023 0.298542 0
F 1.362665 -0.296470 0.190282 -0.628509 0.327967 0
F 1.359157 -0.290020 0.204244 -0.555673 0.212457 0
F 1.452181 -0.528348 0.287621 -0.458264 0.201963 0
F 1.468850 -0.526351 0.300188 -0.460151 0.171429 0
F 1.623547 -0.925831 0.413431 -0.181891 0.018134 0
F 1.512528 -0.774845 0.399635 -0.219075 0.016801 0
F 1.495520 -0.823293 0.498936 -0.224903 -0.035124 0
F 1.539916 -0.657786 0.331904 -0.381701 0.126736 0
F 1.520810 -0.606998 0.334875 -0.407632 0.111284 0
F 1.601931 -0.846647 0.505873 -0.503026 0.167866 0
F 1.536672 -0.735541 0.400466 -0.327484 0.033159 0
F 1.598394 -1.320658 0.898817 -0.318648 0.029303 0
F 1.617884 -1.283832 0.884034 -0.212031 -0.091089 0
F 1.612975 -1.277897 0.847680 -0.185650 -0.087928 0
F 1.523472 -0.845667 0.486165 -0.214045 -0.021612 0
F 1.590645 -1.065562 0.436785 0.160122 -0.199343 0
F 1.572315 -1.321465 0.747763 -0.053350 -0.023632 0
F 1.542994 -0.894810 0.474554 -0.153475 -0.029387 0
F 1.535710 -0.570625 0.220342 -0.401606 0.167093 0
F 1.552534 -0.891790 0.425190 -0.038660 -0.131881 0
F 1.679272 -1.294729 0.659359 -0.010993 -0.158734 0
F 1.735307 -1.619533 1.060820 -0.193310 -0.077681 0
F 1.583157 -1.269150 0.792970 -0.064207 -0.083315 0
F 1.503563 -0.696047 0.294455 -0.192807 0.060733 0
F 1.479236 -0.543874 0.250985 -0.424684 0.213499 0
F 1.428894 -0.460865 0.210222 -0.380190 0.164593 0
F 1.488287 -1.026721 0.638436 -0.161200 0.019608 0
F 1.581090 -1.103362 0.637103 -0.028931 -0.143218 0
F 1.530621 -0.997405 0.553613 -0.005718 -0.137650 0
F 1.742621 -1.334843 0.772823 -0.072566 -0.164119 0
F 1.513636 -0.799311 0.490379 -0.273200 0.010603 0
F 1.587068 -0.744898 0.410441 -0.503645 0.191492 0
F 1.691374 -0.788315 0.364685 -0.659178 0.344320 0
F 1.597197 -0.930837 0.447971 -0.107893 -0.049954 0
F 1.478789 -0.570709 0.288481 -0.419517 0.194723 0
F 1.652347 -0.760873 0.386815 -0.612126 0.313117 0
F 1.608558 -0.768967 0.433306 -0.494370 0.196555 0
F 1.705054 -1.109302 0.739719 -0.423444 0.049917 0
F 1.663103 -1.053352 0.617816 -0.256353 -0.001771 0
F 1.576895 -0.659157 0.318416 -0.450780 0.173287 0
F 1.593735 -0.810359 0.458261 -0.431177 0.168218 0
F 1.699692 -0.850884 0.383998 -0.445521 0.179940 0
F 1.756024 -1.396823 1.052737 -0.483345 0.035208 0
F 1.024284 -0.152099 0.200405 -0.101182 -0.018482 0
F 1.627184 -1.232498 0.926665 -0.365892 0.009016 0
F 0.927175 0.274264 -0.050038 -0.288350 0.082972 0
F 1.529003 -1.057806 0.926124 -0.422533 -0.013434 0
F 1.689171 -1.152244 0.698065 -0.236406 -0.045557 0
F 1.714842 -1.072217 0.575362 -0.254646 -0.000657 0
F 1.689354 -0.967020 0.461762 -0.281339 0.053173 0
F 1.594117 -0.596868 0.352898 -0.621434 0.247924 0
F 1.588426 -0.598721 0.295278 -0.570860 0.264455 0
F 1.604129 -0.731816 0.341945 -0.462414 0.194646 0
F 1.472857 -0.399290 0.230033 -0.563189 0.218783 0
F 1.459201 -0.495458 0.326482 -0.474718 0.113130 0
F 1.455770 -0.700963 0.514548 -0.319815 -0.005690 0
F 1.445911 -0.845636 0.689068 -0.298960 -0.082787 0
F 1.352249 -0.276967 0.220604 -0.533797 0.170266 0
F 1.473841 -0.590719 0.322450 -0.275258 0.034024 0
F 1.610282 -0.663586 0.248101 -0.511307 0.275958 0
F 1.645904 -0.681583 0.183446 -0.446730 0.244251 0
F 1.564269 -0.629178 0.252808 -0.494745 0.227400 0
F 1.575382 -0.778982 0.425731 -0.346150 0.057411 0
F 1.415801 -0.561577 0.409319 -0.341172 0.016231 0
F 1.558444 -0.697784 0.333180 -0.289217 0.055516 0
F 1.531107 -0.745346 0.317378 -0.196000 0.034285 0
F 1.456980 -0.653620 0.296783 -0.139301 -0.028862 0
F 1.447789 -0.847491 0.517717 -0.091579 -0.124131 0
F 1.481464 -1.083769 0.802019 -0.237487 -0.074347 0
F 1.540536 -0.810260 0.458883 -0.286245 0.045146 0
F 1.368551 -0.513492 0.362048 -0.337108 0.035384 0
F 1.503700 -0.819336 0.352750 -0.081864 -0.030723 0
F 1.582578 -0.795799 0.363769 -0.231639 0.040478 0
F 1.614419 -0.791141 0.445733 -0.454708 0.137149 0
F 1.581491 -1.062567 0.760766 -0.364119 -0.036875 0
F 1.521123 -0.928011 0.648825 -0.391620 0.046620 0
F 1.626961 -0.963080 0.581334 -0.494813 0.163098 0
F 1.598362 -1.140223 0.757189 -0.247065 -0.044891 0
F 1.406124 -1.739588 1.616587 -0.805548 0.417487 0
F 1.152519 -1.270576 1.175907 -0.531978 0.337317 0
F 1.552245 -1.837134 1.710279 -0.914093 0.376925 0
F 1.624622 -1.580366 1.308988 -0.593016 0.090813 0
F 1.431925 -1.360661 1.269037 -0.751517 0.293504 0
F 0.874897 0.148586 -0.047621 -0.089821 0.007570 0
F 1.509547 -0.768209 0.497935 -0.434368 0.121888 0
F 1.093741 -0.008399 0.044325 -0.261235 0.051333 0
F 1.201549 -0.203951 0.203909 -0.320824 0.033491 0
F 1.589224 -0.898988 0.481943 -0.303939 0.088223 0
F 1.561236 -0.779735 0.374967 -0.218796 -0.015786 0
F 1.412712 -0.340122 0.228368 -0.550191 0.203980 0
F 1.409316 -0.537861 0.304387 -0.243516 -0.005328 0
F 1.598097 -1.249007 0.837167 -0.219860 -0.065969 0
F 1.558594 -1.067568 0.676503 -0.164765 -0.062031 0
F 1.686946 -1.610395 1.257796 -0.394057 -0.008849 0
F 1.691940 -1.671018 1.118417 -0.179793 -0.143298 0
F 1.684404 -1.604556 1.079401 -0.141814 -0.106737 0
F 1.449036 -1.088865 0.832028 -0.380681 0.071361 0
F 1.512561 -0.996009 0.649439 -0.232468 -0.026499 0
F 1.634367 -1.384663 0.950976 -0.134556 -0.160142 0
F 1.765615 -1.910128 1.581094 -0.680140 0.126456 0
F 1.738109 -1.670040 1.112872 -0.257852 -0.031919 0
F 1.701641 -1.204185 0.531592 0.001371 -0.108504 0
F 1.508267 -0.713653 0.356540 -0.154276 -0.057242 0
F 1.656884 -0.923953 0.437483 -0.308545 0.083408 0
F 1.265178 -0.305712 0.245876 -0.341559 0.069480 0
F 1.366950 -0.533879 0.362933 -0.271769 0.002571 0
F 1.511325 -0.860824 0.509909 -0.203826 -0.050430 0
F 1.346488 -0.347837 0.222356 -0.322856 0.042467 0
F 1.292131 -0.284591 0.274134 -0.379842 0.040933 0
F 1.318995 -0.342699 0.290990 -0.488028 0.155856 0
F 1.381528 -0.758958 0.212738 0.304747 -0.217992 0
F 1.471829 -0.921005 0.455699 -0.029770 -0.099010 0
F 0.436063 0.304168 0.432974 -0.330835 0.138077 0
F 0.448857 0.435337 0.442967 -0.392769 0.042161 0
F 0.406363 0.369694 0.408677 -0.332930 0.127843 0
F 0.414520 0.380680 0.446424 -0.334849 0.080440 0
F 0.445457 0.382247 0.456529 -0.372057 0.076938 0
F 0.433423 0.395323 0.430388 -0.358590 0.088404 0
F 0.443582 0.320232 0.463791 -0.333726 0.068153 0
F 0.322518 0.341025 0.492671 -0.282946 0.113089 0
F 0.397697 0.394430 0.530685 -0.357349 0.026242 0
F 0.435145 0.337357 0.396861 -0.308219 0.126153 0
F 0.381991 0.456586 0.470141 -0.371980 0.056579 0
F 0.384672 0.391449 0.458301 -0.338273 0.085407 0
F 0.472345 0.383489 0.443681 -0.399478 0.083834 0
F 0.427455 0.488260 0.393112 -0.373577 0.056670 0
F 0.386209 0.327431 0.457851 -0.306702 0.120906 0
F 0.390720 0.412099 0.473481 -0.358860 0.078344 0
F 0.435583 0.346205 0.425186 -0.348485 0.122118 0
F 0.443250 0.311349 0.454432 -0.321457 0.090674 0
F 0.457492 0.374683 0.459654 -0.357311 0.060491 0
F 0.435590 0.325729 0.508398 -0.360640 0.081420 0
F 0.404841 0.409825 0.477991 -0.365036 0.060363 0
F 0.408709 0.377389 0.428358 -0.356312 0.119429 0
F 0.411624 0.347076 0.441434 -0.340817 0.127617 0
F 0.394811 0.294268 0.512414 -0.326105 0.117453 0
F 0.362129 0.288651 0.317801 -0.175960 0.194054 0
F 0.141376 0.221706 0.257168 0.053421 0.252306 0
F 0.401660 0.322838 0.484724 -0.352659 0.133727 0
F -0.046227 0.488159 0.403515 -0.162036 0.295085 0
F 0.090916 -0.158874 0.357186 0.041121 0.539450 0
F 0.159668 -0.175820 0.490374 0.045901 0.346492 0
F -0.044055 0.089315 0.227811 0.000231 0.499456 0
F 0.156103 0.052444 0.686187 -0.145299 0.235796 0
F 0.442498 0.155677 0.410693 -0.222200 0.188405 0
F 0.398943 0.142522 0.444990 -0.218386 0.222372 0
F 0.243051 0.024635 0.573830 -0.164852 0.265869 0
F 0.348420 0.268077 0.457462 -0.262975 0.165249 0
F 0.455757 0.373264 0.472139 -0.410939 0.103920 0
F 0.408953 0.360188 0.424393 -0.324975 0.122587 0
F 0.426777 0.310127 0.486888 -0.332312 0.101891 0
F 0.471297 0.359516 0.403863 -0.354560 0.111585 0
F 0.365698 0.175484 0.304221 -0.156620 0.280239 0
F 0.455344 0.293231 0.465885 -0.345080 0.117219 0
F 0.464578 0.293289 0.467960 -0.359852 0.126132 0
F 0.413720 0.379169 0.402854 -0.297663 0.091176 0
F 0.421286 0.291194 0.429749 -0.302005 0.149271 0
F 0.432754 0.283505 0.493901 -0.341838 0.123394 0
F 0.385463 0.389722 0.445133 -0.336033 0.105364 0
F 0.122603 0.131036 0.297177 -0.106363 0.456752 0
F 0.284337 0.395861 0.435915 -0.231546 0.111544 0
E
E
